Express or Ground Tracking ID
393874384033
393863432362
393888334723
393887262025
393881049160
393873972842
393867332218
393869303660
393880458869
393869611210
393868457769
393867056776
393880330500
393883065847
393873205630
393887267737
393858479247
393890725590
393873204910
393888904040
393866722244
393874584006
393890726932
393870386887
393861249841
393866682800
393873309215
393876711134
393885657631
393881328296
393877465989
393872298516
393857729998
393859941600
393877617548
393875270718
393879798764
393873829200
393876271180
393890163621
393876576490
393891086475
393873777356
393871322323
393874685244
393872841134
393873540960
393860860401
393868066523
393870202517
393877728331
779895749900
393888426062
393863793991
393877733396
393887263845
393881332678
393878427675
393866862230
393872836065
393878473777
393866129780
393868383925
393866857826
393890377314
393868067953
393864387053
393872198741
393890726119
393888903238
393869612581
393882709541
393880219925
393858279079
393871612033
393876894166
393881499523
393881847056
393872838079
393885388080
393880101520
393872100282
393877068726
393888045376
393866865456
393852704422
393890123179
393866864210
393886883104
393890286809
393888334230
393867045687
393868196893
393879056596
393864378471
393866132180
393881627780
393866127445
393879793464
393853915329
393867058080
393887455680
393879796350
393875683741
393870199539
393870709310
393869138691
393876267946
393890392597
393879791987
393849338949
393864443804
393880992905
393871464940
393870204910
393882089068
393873199722
393890105504
393890166296
391770094697
393881430277
393874987028
393857203067
393886881796
393872843034
393866222549
393866099614
393866860844
393876033747
393870201521
393864800099
393885027297
393864711704
393876268140
393852880703
393864718720
90616948892
393865281335
393876665017
393857860438
393871294102
393886234441
393882117576
393890978420
393890397452
393879396793
393872839395
393860864543
393867158999
393874431661
393866860167
393864698872
393888045218
393874631082
393872299578
393877069766
393888047335
393879894198
393865806141
393890108032
393866097151
393873221143
393888753400
393879793968
393853631923
393869910874
393865279736
393879425510
393876032681
393874580445
393885390264
393876813920
393867160223
393878161970
393860862378
393888341357
393857731704
