Ground Tracking ID Prefix	Express or Ground Tracking ID
	922626999392
	397296121920
	395976245042
	395076449715
	395729401644
61290989	800522187525
61290989	800521571189
	28744884
61290989	800522023472
61290989	800522029962
61290989	800522127200
61290989	800522099583
	397434971453
	397434887828
	397435013100
	397435031315
	397435009714
	397434987132
	397434967873
	397435064100
	397434960397
	397434894944
	397434888011
	397435009600
	397435062759
	397434895024
	397435031705
	397434971339
	397434897998
	397435017252
	397434958099
	397434959246
	397434902913
	397434977771
	397435035582
	397434955788
	397434936668
	397435004208
	397434891810
	397440864719
	397434921562
	397434975676
	397435025158
	397434927608
	397434998048
	397435031900
	397434954829
	397434969394
	395958801923
	395807948699
	396098952175
	396098967260
	396005586430
	394360323862
	395807744919
	395982791463
	395113634348
	395858152304
	771007433488
998	91027566361
998	91027566323
998	91027566231
998	91027566545
997	331200110075
998	91027666610
998	91027566521
998	91027566514
998	91027666566
997	359100025701
998	91027666757
998	91027666641
998	91027667334
998	91027667327
998	91027666597
998	91027667471
998	91027667099
998	91027667280
998	91027666726
998	91027666788
998	91027666580
998	91027666665
998	91027666603
998	91027666672
	397435024585
	397435001150
	397434920511
	397434972541
	397434910142
	397434959073
	397434933393
	397435053684
	397434993105
	397435029315
	397434907981
	397434979237
	397435054912
	397434913016
	397434892301
	397435040434
	397434993539
	397435002639
	397434897391
	397434911160
	397435013831
	397434940178
	397434944596
	397434951819
	397434975091
	397435022630
	397435038880
	397435061145
	397434927983
	397434985232
	397435036188
	397435005190
	397434960640
	397434983766
	397434902718
	397435042996
	397435053478
	397434910234
	397435057407
	397434913120
	397434974280
	397434911506
	397435045653
	397434925866
	397435004697
	397435031977
	397435028904
	397435021542
	397434935812
	397440675088
	397434897299
	397435045193
	397434935591
	397435049328
	397434894635
	397435013544
	397434901571
	397434970505
	397435061237
	397435011622
	397435020720
	397435058517
	397434970825
	397434938660
	397435018307
	397434933897
	397434986206
	397434990985
	397435011390
	397435058790
	397435006244
	397434978366
	397435055746
	397434950591
	397434969155
	397435055665
	397434925410
	397435041989
	397434986651
	397434990724
	397434991249
	397434977668
	397434923782
	397434953914
	397435051008
	397434952171
	397434896400
	397434958158
	397434968067
	397434915199
	397434982954
	397434889121
	397435009380
	397435002606
	397434940590
	397435026599
	397435022880
	397434944530
	397434965860
	397435020580
	397434956041
	397435033741
	397435000393
	397434923120
	397435051122
	397434955940
	397434997800
	397434987945
	397435042963
	397434948400
	397435033579
	397435044175
	397434904114
	397435034288
	397434908006
	397434937470
	397434947345
	397435000761
	397434940763
	397434924285
	397435016337
	397434942972
	397435013338
	397435024520
	397434972997
	397434925958
	397434960927
	397435005086
	397434979498
	397434962780
	397435051692
	397435040835
	397434906367
	397434913759
	397435025088
	397435141694
	397434898435
	397434897689
	397435006921
	397435038169
	397434950503
	397435031006
	397434935775
	397434963065
	397435045469
	397434895035
	397434982932
	397435043591
	397434979855
	397435045403
	397434954196
	397434899258
	397434955001
	397434942468
	397434973732
	397434982200
	397434993528
	397434988220
	397435019303
	397434901251
	397434899876
	397434902968
	397435040011
	397434989190
	397434929909
	397434972839
	397434999618
	397434914435
	397435060296
	397434904732
	397434980090
	397435006760
	397434905350
	397434931048
	397434992933
	397434995564
	397434956626
	397435000614
	397434981888
	397435015890
	397434985302
	397434915512
	397434958169
	397434990643
	397434940650
	397434931059
	397434917971
	397434947334
	397434942538
	397434919275
	397435018557
	397435036291
	397434994866
	397434908186
	397434940373
	397434930615
	397435057819
	397434897005
	397434946029
	397435035858
	397435041121
	397434965002
	397434936072
	397434945217
	397435029793
	397434888228
	397434916140
	397434925785
	397435016598
	397434920132
	397435026934
	397434959923
	397434914560
	397435061925
	397435040515
	397434909539
	397434956453
	397434949175
	397435027584
	397435053700
	397435007457
	397435002731
	397435018914
	397434923289
	397434905500
	397435039165
	397434929324
	397434938785
	397435011210
	397434987566
	397434998611
	397434966991
	397435021830
	397434925708
	397434983870
	397434948742
	397434943188
	397434922043
	397434963786
	397435009416
	397435022836
	397435034120
	397434984442
	397434980366
	397435006440
	397435066099
	397434900016
	397434918864
	397434964830
	397434986375
	397435066835
	397435027518
	397434912384
	397434964808
	397434908830
	397435029716
	397435014952
	397434938281
	397435050994
	397434945445
	397434921389
	397434954027
	397434892481
	397434977234
	397434916770
	397434888022
	397435057830
	397434952790
	397434943074
	397435052368
	397434899328
	397435038467
	397435027492
	397434970398
	397434947529
	397435048891
	397435060333
	397435042908
	397434923256
	397434928670
	397434933809
	397434966888
	397434992679
	397435011357
	397435016290
	397434930990
	397435054577
	397435017355
	397435003500
	397434995255
	397435048343
	397434892117
	397434932103
	397434892600
	397434997692
	397435067463
	397434918100
	397434981693
	397434934334
	397434961555
	397434995884