Express or Ground Tracking ID
393874653845
393852052079
393866397414
393864418240
393864428860
393874287842
393864736086
393869888971
393875157431
393876302746
393856533841
393864408490
393866236567
393857864205
393880588224
393874643248
393874800387
393867864559
393872672068
393870065527
393879246373
393889597796
393879242930
393888487991
393861248823
393866391130
393874372706
393864413878
393880211681
393880068402
393858427880
393865599953
393882038571
393864706304
393851763826
393866541715
393873190519
393866545618
393865641560
393880415307
393865253026
393864589280
393863508029
393865173139
393869885538
393874282976
393874666580
393874343489
393890230004
393874285758
393864727839
393866181501
393879401638
393874273490
393875371268
393874278620
393869756789
393865253482
393880403060
393874510931
393874400607
393870069290
393869487757
393851467113
393869348415
393890229169
393866178711
393876297630
393866240191
393885932912
393880778376
393866706009
393858918937
393864731213
393881707873
393874262003
393878012454
393865760308
393865758363
393881691447
393866394757
393868289806
393880914153
393875369338
393874575207
393874376171
393869489473
393888459498
393874726546
393885992035
393870192946
393880484627
393864763403
393868592936
393875092268
393852444656
393864399149
393881476073
393865081568
393858161865
393875049728
393874397077
393879245219
393876294056
393877191999
393872998401
393875157096
393881703904
393874962610
393877581738
393858872302
393874511412
393873877186
393875336439
393876304050
393875914290
393869887817
393874705982
393869491738
393865598898
393867162627
393867230896
393874690298
393874628660
393879193869
393874897758
393884458875
393864744279
393865178108
393874509890
393874656009
393881503817
393879813025
393879909838
393866709225
393864587541
393857181437
393865177833
393874267152
393860485698
393872295561
393856253786
393871009431
393870067048
393876306362
393874361282
393868078413
393865761370
393872724780
393864156942
393868287696
393880156662
393860946113
393880752505
393872541158
393867506374
393885789581
393874713190
393866549381
393884994031
393889598667
393856760196
393874616196
393863388616
393875923869
393889663183
393868137839
393868297610
393874414187
393882041177
393874638514
393874649235
393866180490
393874701049
393860667937
393870070630
393874264017
393880681910
393873834047
393863517939
393864700810
393881257624
393880450022
393881825670
393865908700
393858017281
393866707336
393874050806
393855233733
393867304192
393859535832
393875478302
393866176443
393852221031
393857956092
393867095590
393855674789
393853886443
393874627447
393875230780
393881450338
393881108597
393874634931
393864160842
393865994242
393868758590
393889597237
393858112411
393874596227
393861015550
393874330684
393874601150
393875108628
393874898982
393867029257
393865639090
393881640950
393864154284
393878717271
393881698717
393874679683
393886087483
393879507948
393869623074
393882041924
393874682863
393884705230
393865637498
