Ground Tracking ID Prefix	Express or Ground Tracking ID	Check Result
61290989	800521261387
61290989	800521264210
61290989	800521262841
61290989	800521264708
61290989	800521261806
61290989	800521259322
61290989	800521259834
61290989	800521260151
61290989	800521259865
61290989	800521260793
61290989	800521264418
61290989	800521261042
61290989	800521263978
61290989	800521265149
61290989	800521261493
61290989	800521258530
61290989	800521259346
61290989	800521260571
61290989	800521259711
61290989	800521259971
61290989	800521259568
61290989	800521259094
61290989	800521259650
61290989	800521261226
61290989	800521264128
61290989	800521258813
61290989	800521259681
61290989	800521259537
61290989	800521264647
61290989	800521258707
61290989	800521262162
61290989	800521263930
61290989	800521259247
61290989	800521263398
61290989	800521261639
61290989	800521260557
61290989	800521261110
61290989	800521263640
61290989	800521259452
61290989	800521260564
61290989	800521261578
61290989	800521261561
61290989	800521262131
61290989	800521262223
61290989	800521261783
61290989	800521259506
61290989	800521258844
61290989	800521259216
61290989	800521263718
61290989	800521263954
61290989	800521261271
61290989	800521264937
61290989	800521260083
61290989	800521259643
61290989	800521263916
61290989	800521259773
61290989	800521264876
61290989	800521258356
61290989	800521263909
61290989	800521260496
61290989	800521262568
61290989	800521264791
61290989	800521261066
61290989	800521259780
61290989	800521259698
61290989	800521264234
61290989	800521261547
61290989	800521258806
61290989	800521258431
61290989	800521260281
61290989	800521263800
61290989	800521260779
61290989	800521264203
61290989	800521262810
61290989	800521261875
61290989	800521260229
61290989	800521259476
61290989	800521259674
61290989	800521263701
61290989	800521259544
61290989	800521259889
61290989	800521264975
61290989	800521258684
61290989	800521263534
61290989	800521259001
61290989	800521258400
61290989	800521262803
61290989	800521261134
61290989	800521260915
61290989	800521258592
61290989	800521259827
61290989	800521258332
61290989	800521259032
61290989	800521263923
61290989	800521263503
61290989	800521259940
61290989	800521265088
61290989	800521259728
61290989	800521261790
61290989	800521264036
61290989	800521264142
61290989	800521258561
61290989	800521262261
61290989	800521264067
61290989	800521261011
61290989	800521262254
61290989	800521259438
61290989	800521258981
61290989	800521261974
61290989	800521260922
61290989	800521263824
61290989	800521258448
61290989	800521262384
61290989	800521259988
61290989	800521261417
61290989	800521258288
61290989	800521262759
61290989	800521262049
61290989	800521260113
61290989	800521260380
61290989	800521264920
61290989	800521264098
61290989	800521264678
61290989	800521264289
61290989	800521259155
61290989	800521264111
61290989	800521258257
61290989	800521264166
61290989	800521259483
61290989	800521258998
61290989	800521261189
61290989	800521264074
61290989	800521259315
61290989	800521261257
61290989	800521261752
61290989	800521262391
61290989	800521264807
61290989	800521260991
61290989	800521260632
61290989	800521258950
61290989	800521261714
61290989	800521259513
61290989	800521260328
61290989	800521259308
61290989	800521264197
61290989	800521260953
61290989	800521259209
61290989	800521260403
61290989	800521259704
61290989	800521262780
61290989	800521261516
61290989	800521259063
61290989	800521259469
61290989	800521259285
61290989	800521259490
61290989	800521264265
61290989	800521265194
61290989	800521258547
61290989	800521258608
61290989	800521264692
61290989	800521261660
61290989	800521262544
61290989	800521263466
61290989	800521258189
61290989	800521263817
61290989	800521263879
61290989	800521261059
61290989	800521264845
61290989	800521264173
61290989	800521260212
61290989	800521258585
61290989	800521260236
61290989	800521258486
61290989	800521259087
61290989	800521261585
61290989	800521263633
61290989	800521263596
61290989	800521259230
61290989	800521260625
61290989	800521264081
61290989	800521260021
61290989	800521261103
61290989	800521260977
61290989	800521259360
61290989	800521260243
61290989	800521258394
61290989	800521261608
61290989	800521258790
61290989	800521260267
61290989	800521260007
61290989	800521259018
61290989	800521261967
61290989	800521260748
61290989	800521261684
61290989	800521258509
61290989	800521261479
61290989	800521260182
61290989	800521259193
61290989	800521260588
61290989	800521260960
61290989	800521261202
61290989	800521261554
61290989	800521262292
61290989	800521262230
61290989	800521264739
61290989	800521262858
61290989	800521260755
61290989	800521258943
61290989	800521260274
61290989	800521259179
61290989	800521263459
61290989	800521264944
61290989	800521265217
61290989	800521264685
61290989	800521264753
61290989	800521260168
61290989	800521262513
61290989	800521259278
61290989	800521264654
61290989	800521264883
61290989	800521258233
61290989	800521265071
61290989	800521260601
61290989	800521260427
61290989	800521258370
61290989	800521260045
61290989	800521262506
61290989	800521258967
61290989	800521263855
61290989	800521263442
61290989	800521258493
61290989	800521261035
61290989	800521260649
61290989	800521261707
61290989	800521264043
61290989	800521259926
61290989	800521259391
61290989	800521259605
61290989	800521260106
61290989	800521263527
61290989	800521259339
61290989	800521260311
61290989	800521259995
61290989	800521260434
61290989	800521260373
61290989	800521260519
61290989	800521259896
61290989	800521264388
61290989	800521264777
61290989	800521259964
61290989	800521260359
61290989	800521261431
61290989	800521259186
61290989	800521260205
61290989	800521261455
61290989	800521260410
61290989	800521260892
61290989	800521261820
61290989	800521264180
61290989	800521264005
61290989	800521264715
61290989	800521261950
61290989	800521261349
61290989	800521259407
61290989	800521258776
61290989	800521259254
61290989	800521262438
61290989	800521260076
61290989	800521262582
61290989	800521260397
61290989	800521260038
61290989	800521261530
61290989	800521259070
61290989	800521263961
61290989	800521259797
61290989	800521262193
61290989	800521259742
61290989	800521264050
61290989	800521261127
61290989	800521260724
61290989	800521262537
61290989	800521259858
61290989	800521258424
61290989	800521261080
61290989	800521259759
61290989	800521262377
61290989	800521262315
61290989	800521264869
61290989	800521260809
61290989	800521264296
61290989	800521260298
61290989	800521261738
61290989	800521261424
61290989	800521258578
61290989	800521264159
61290989	800521259223
61290989	800521265132
61290989	800521261028
61290989	800521264760
61290989	800521261158
61290989	800521261462
61290989	800521260342
61290989	800521258851
61290989	800521264586
61290989	800521264623
61290989	800521260052
61290989	800521260137
61290989	800521258219
61290989	800521261097
61290989	800521262834
61290989	800521259667
61290989	800521262575
61290989	800521260489
61290989	800521262827
61290989	800521258554
61290989	800521261592
61290989	800521262063
61290989	800521260717
61290989	800521262520
61290989	800521258318
61290989	800521260540
61290989	800521258462
61290989	800521260069
61290989	800521259636
61290989	800521262056
61290989	800521264258
61290989	800521261745
61290989	800521259162
61290989	800521261196
61290989	800521263848
61290989	800521264104
61290989	800521260366
61290989	800521261448
61290989	800521264135
61290989	800521259117
61290989	800521265156
61290989	800521259384
61290989	800521265187
61290989	800521260731
61290989	800521264272
61290989	800521261899
61290989	800521258752
61290989	800521261936
61290989	800521264968
61290989	800521264029
61290989	800521259131
61290989	800521261509
61290989	800521260595
61290989	800521258349
61290989	800521260656
61290989	800521263428
61290989	800521258646
61290989	800521262209
61290989	800521265125
61290989	800521261004
61290989	800521260786
61290989	800521263091
61290989	800521261240
61290989	800521261363
61290989	800521263367
61290989	800521263343
61290989	800521263244
61290989	800521263381
61290989	800521263060
61290989	800521263169
61290989	800521263305
61290989	800521262483
61290989	800521262940
61290989	800521262971
61290989	800521262643
61290989	800521261721
61290989	800521262599
61290989	800521263053
61290989	800521261295
61290989	800521263077
61290989	800521263039
61290989	800521263084
61290989	800521263213
61290989	800521260472
61290989	800521263886
61290989	800521262094
61290989	800521261394
61290989	800521262681
61290989	800521260939
61290989	800521263237
61290989	800521263770
61290989	800521262698
61290989	800521263190
61290989	800521263046
61290989	800521263176
61290989	800521262636
61290989	800521263015
61290989	800521262889
61290989	800521262933
61290989	800521258974
61290989	800521263220
61290989	800521263183
