691593
692263
692567
692742
692756
693245
693343
693563
693703
693727
693728
693753
693797
694035
694048
694145
694150
694229
694473
694524
694571
694687
694688
694689
694746
694762
694787
694789
694910
695054
695161
695289
695393
695458
695606
695656
695855
695867
695868
695984
695985
696045
696263
696264
696461
696545
696562
696583
696622
696873
697242
697384
697435
697697
697781
698050
698289
698315
698480
698482
698582
698638
698823
698909
698910
698953
698954
698964
699022
699128
699165
699378
699430
699535
699573
699577
700365
700425
700440
700452
700678
700682
700721
700837
700968
701097
701411
701463
701519
701986
702080
702329
702347
702566
702570
702711
702764
702774
702809
702810
702941
703105
703157
703219
703688
703733
703947
703948
703949
704038
704159
704185
704226
704376
704507
704813
704935
704958
704959
704987
705052
705254
705294
705381
705457
705687
705717
705877
705878
706001
706003
706057
706080
706260
706281
706322
706351
706832
707144
707145
707146
707283
707328
708017
708022
708154
708393
708571
709068
709079
709138
709140
709216
709218
709492
709749
709775
709790
709936
709947
710058
710080
710097
710205
710209
710213
710572
710599
710790
710846
710858
711081
711279
711297
711522
711529
711579
711673
711674
711784
711863
711973
712098
712184
712185
712250
712491
712682
712687
712729
712777
712779
712856
712877
712941
713038
713099
713101
713170
713214
713236
713282
713286
713395
713653
713854
713860
713879
713884
714019
714132
714193
714280
714378
714406
714472
714963
715148
715183
715330
715338
715534
715547
715839
715877
715878
716124
716199
716489
716511
716512
716566
716567
716633
716720
716733
717108
717550
717574
717825
717876
717937
718311
718336
718372
718374
718444
718445
718476
718520
718551
718562
718870
718943
718968
719478
719677
719909
720009
720010
720081
720088
720140
720141
720193
720194
720245
720283
720349
720372
720565
721231
721346
721547
721606
721781
722328
722344
722505
722507
722575
722705
722805
722857
723027
723112
723125
723164
723175
723200
723272
723314
723372
723384
723457
723522
723667
723669
723759
723875
724072
724155
724290
724351
724621
724622
724767
724895
724995
725037
725481
725677
725752
725859
725862
725940
726070
726158
726265
726420
726421
726422
726423
726463
726472
726910
726912
726924
726943
727199
727200
727249
727441
727641
727658
727788
727792
727879
728223
728224
728264
728275
728350
728399
728405
728476
728586
728974
729134
729206
729335
729447
729588
729589
729733
729915
729947
730065
730185
730186
730204
730482
730670
730690
731141
731161
731472
731511
731512
732352
732353
732396
732421
732443
732709
732717
732840
733184
733217
733252
733318
733449
733450
733478
733666
733837
733897
734055
734132
734181
734198
734207
734266
734332
734602
734607
734726
734727
734811
734868
734890
734892
734894
735028
735598
735600
735601
735744
735823
735963
735993
736041
736095
736126
736302
736579
736636
736723
736938
736988
737038
737045
737230
737440
737532
737752
737753
737756
737885
737964
738099
738101
738118
738155
738352
738391
738467
738469
738502
738583
738665
738693
738702
738703
738712
738811
739078
739253
739255
739401
739437
739438
739540
739542
739583
739620
739646
739665
739687
739705
739810
739894
740098
740150
740266
740286
740311
740390
740391
740761
740762
741095
741105
741344
741360
741380
741416
741429
741623
741642
741722
741725
741807
741817
741835
741927
742001
742176
742177
742179
742253
742343
742384
742404
742473
742616
742640
742642
742769
742777
742831
742865
742923
742952
742973
743008
743288
743289
743290
743291
743316
743346
743348
743396
743398
743407
743415
743460
743581
743603
743685
743767
743851
743977
743978
744155
744187
744521
744523
744527
744965
744969
744975
745000
745374
745434
745435
745563
745692
745698
745762
745945
745948
746000
746061
746273
746364
746446
746469
746701
746702
746703
746908
746910
746996
747012
747231
747340
747561
747678
747679
747753
747837
747851
747897
747898
747943
747962
748071
748235
748236
748307
748508
748553
748647
748648
748689
748887
748889
748905
749002
749006
749101
749116
749192
749203
749265
749329
749335
749445
749778
749842
749870
749873
749903
750189
750191
750192
750195
750373
750422
750446
750844
750853
750949
750951
750998
751268
751453
751454
751681
751682
751786
751845
751965
752181
752203
752272
752273
752274
752417
752439
752630
752680
752792
752978
753076
753083
753095
753129
753247
753248
753249
753383
753622
753686
753728
753761
753804
753843
753845
753926
754061
754437
754560
754658
754661
754688
754716
754748
754771
754799
754862
754865
754971
754994
755039
755088
755089
755160
755168
755197
755198
755565
755596
755916
756393
756596
756736
756738
756740
757017
757077
757079
757080
757085
757086
757174
757200
757277
757304
757306
757665
757842
758161
758451
758452
758453
758454
758492
758534
758713
758764
759098
759125
759297
759417
759570
759612
759674
759680
759683
759708
759841
759922
760013
760040
760178
760188
760287
760573
760624
760712
760955
760960
761268
761269
761270
761271
761323
761383
761424
761587
761694
761696
761836
761838
762140
762729
762730
762731
762732
762734
762835
762836
763123
763124
763260
763481
763482
763499
763690
763753
764243
764451
764824
765125
765128
765165
765166
765171
765231
765491
765548
765549
765582
765829
765912
766054
766110
766334
766528
766548
766556
766589
766590
766611
766652
766952
766957
766963
767078
767088
767250
767253
767255
767256
767271
767327
767385
767386
767401
767413
767439
767512
767596
767597
767600
767743
767846
767898
768150
768151
768270
768639
768643
768906
768964
768989
769034
769069
769089
769212
769221
769257
769258
769259
769268
769344
769352
769487
769497
769729
769926
769957
769985
770017
770204
770205
770302
770378
770380
770382
770461
770553
770565
770572
770689
770708
770846
770885
770916
770931
770934
770936
771218
771256
771349
771367
771549
771636
771637
772010
772256
772550
772736
772738
772848
772869
772969
773020
773175
773363
773684
773685
773697
773703
773719
773766
774117
774119
774163
774164
774165
774379
774637
775182
775838
775867
775888
775939
775940
776007
776010
776089
776090
776147
776149
776493
776497
776549
776729
776814
776859
776866
777081
777210
777456
777487
777516
777538
777541
777586
777614
777652
777756
777758
777975
778637
778682
778863
779168
779205
779206
779459
779660
779664
779673
779801
779899
780084
780086
780212
780222
780253
780527
780542
780742
780756
780757
780956
781179
781187
781194
781199
781201
781439
781492
781510
781612
781647
781648
781667
781715
781776
781819
781850
781860
782059
782092
782161
782168
782574
782599
782697
782701
782734
782943
782944
782945
782972
782994
783029
783297
783325
783350
783812
783844
783857
783884
783890
783929
783930
784008
784010
784096
784099
784140
784206
784554
784555
784622
784625
784802
784922
785147
785235
785286
785343
785374
785424
785469
785476
785481
785564
785655
785722
785743
786006
786032
786135
786180
786197
786198
786529
786680
786795
786830
786835
786836
786839
786843
786863
787113
787291
787377
787552
787560
787795
787862
787922
787926
788023
788024
788192
788198
788294
788498
788548
788691
788800
788806
788818
789150
789155
789173
789177
789238
789322
789332
789345
789347
789373
789391
789461
789504
789577
789578
790366
790524
790714
790817
790930
790959
791049
791093
791404
791500
791515
791619
791738
791796
791834
791938
791946
792260
792598
792716
792873
792917
792998
792999
793141
793142
793176
793295
793308
793534
793579
793836
793837
793838
793927
794048
794053
794379
794404
794426
794550
794620
794784
794919
794961
794993
795151
795175
795186
795241
795255
795306
795329
795345
795370
795382
795383
795964
795990
795997
796095
796110
796298
796302
796468
796577
796585
796791
796947
797014
797234
797292
797452
797454
797535
797559
797602
797619
797748
797998
798010
798044
798112
798225
798236
798449
798451
798453
798724
798725
798809
798862
798908
798909
799426
799427
799431
799484
799490
799635
799817
799902
799970
800010
800251
800528
800565
800628
800871
801080
801294
801771
801981
802016
802039
802052
802156
802240
802261
802295
802465
802648
802693
802740
802770
802890
802919
803052
803074
803313
803553
803692
803771
803833
803998
804141
804217
804274
804299
804350
804381
804429
804451
804490
804503
804554
804555
804607
804609
804688
804713
804774
804823
804843
804938
804990
805080
805129
805130
805240
805333
805400
805562
805884
806010
806125
806184
806244
806326
806381
806479
806654
806661
806862
806920
807045
807098
807114
807116
807168
807169
807244
807360
807367
807378
807429
807480
807559
807595
807605
807722
807736
807887
807946
808011
808104
808106
808137
808169
808171
808337
808372
808437
808465
808536
808763
808818
808880
808935
809058
809077
809091
809094
809118
809130
809134
809136
809337
809554
809574
809673
809787
809865
809983
810337
810343
810682
810683
810740
810747
810983
811030
811039
811114
811188
811189
811259
811449
811455
811459
811787
812107
812109
812111
812277
812393
812465
813047
813109
813159
813369
813607
814039
814088
814267
814269
814347
814678
814887
815050
815055
815135
815284
815590
815610
815633
815879
816028
816143
816237
816521
816555
816624
816669
816968
817032
817114
817128
817136
817355
817513
817555
817575
817651
817652
817713
817984
818039
818075
818320
818423
818601
818719
818841
818848
819009
819030
819032
819316
819403
819437
819605
819783
819818
819848
819856
819902
819919
819969
819984
819986
820115
820227
820446
820508
820569
820586
820629
820906
820959
821095
821211
821235
821425
821771
821931
821990
822030
822136
822644
822645
822755
823113
823157
823179
823396
823500
824015
824056
824107
824111
824135
824304
824365
824366
824476
824488
824493
824511
824531
824538
824591
824725
824951
825025
825088
825668
825670
825672
825673
825680
825891
826047
826656
826659
826790
826839
826950
826983
827213
827636
827671
828765
828936
829257
829415
829719
830069
830154
830269
830272
830337
830452
830478
830500
830747
830753
830788
830995
830997
831044
831136
831254
831261
831403
831559
831561
831901
832105
832152
832206
832465
832495
832577
832663
832781
832945
832999
833031
833042
833168
833194
833214
833310
833320
833340
833379
833396
833435
833436
833437
833521
833583
833619
833789
833820
833839
833868
833893
833999
834019
834106
834176
834267
834330
834375
834749
834750
834814
834989
835032
835033
835338
835340
835341
835424
835513
835549
835565
835599
835657
835751
835754
835778
835865
835869
835943
835945
836154
836196
836285
836287
836412
836434
836486
836514
837121
837295
837660
837665
837884
837894
837952
837953
838030
838083
838316
838363
838524
838544
838857
838860
839058
839929
840196
840249
840375
840520
840659
840660
840704
840908
840997
840998
840999
841079
841362
841505
841626
841697
841734
842068
842069
842070
842072
842438
842490
842549
842585
842663
842899
843960
844338
844394
844465
844545
844813
844960
844984
845052
845067
845236
845730
846570
846799
846840
847294
847297
848162
848206
848330
848361
848363
848400
848662
848677
848710
848714
848868
848911
849089
849126
849214
849253
849370
850451
850453
850531
850580
851103
851150
851322
851388
851463
851879
851961
852029
852080
852272
852292
852320
852396
852445
852483
852526
852553
852645
852710
853127
853237
853901
853906
853998
854027
854096
854098
854263
854264
854696
854984
855055
855239
855576
855706
855770
855832
855840
855930
856280
856801
856960
857328
857539
857540
857541
857798
857838
857889
857900
857938
858110
858272
858334
858562
859117
859118
859825
859866
859980
860013
860608
861097
861104
861619
861685
861699
861958
862037
862202
862347
862367
862468
862727
862809
862942
863007
863021
863499
863672
864267
864675
864732
864771
865040
865048
865540
865845
865846
866276
866504
866640
866697
866753
866987
867010
867012
867249
867304
867682
868113
868336
868436
868863
868874
869177
869221
869414
869415
869416
869507
869544
869619
869669
869670
870065
870319
870369
870419
870427
870570
870727
871237
871275
871478
871998
872365
872367
872589
873127
873153
873543
873779
873795
873896
873911
873984
874166
874193
874415
874461
874483
874507
874728
874755
874811
875212
875262
875299
875706
875842
875958
876060
876340
876341
876543
876660
876779
876780
876801
876963
877098
877099
877152
877247
877410
877411
877622
878469
878589
879235
879331
880139
880140
880142
880145
880231
880374
880465
880611
880613
880672
881055
881062
881067
881107
881151
881196
881828
882067
882115
882116
882486
882774
882852
882873
883045
883453
883529
883543
883545
883785
884050
884151
884160
884166
884603
884753
884910
885302
885304
885305
885420
885422
885630
885939
886047
886327
886724
886725
886749
886931
886935
887691
888651
888652
888653
888655
889014
889059
889152
889910
889911
889912
889938
889940
889941
889948
890009
890151
890304
890742
890789
890804
890895
890979
891134
891625
891626
891929
891966
892393
892400
892466
892615
892624
892767
892912
893147
893266
893332
893546
893740
893757
893888
893890
894341
894362
894363
894432
894475
894622
894895
895205
895213
895320
895338
895446
895505
895631
895634
895724
895909
895922
896305
896559
896597
896611
896742
896827
896942
897651
897852
897959
898223
898311
898312
898324
898528
898558
898705
898903
898974
899051
899131
899686
899745
899746
899851
900188
900296
900298
900831
901236
901251
901649
902500
902512
902717
902773
902790
903002
903065
903068
903671
903672
903731
903808
903864
903865
903974
904052
904078
904249
904338
904376
904377
904475
904568
904586
905015
905035
905094
905232
905324
905369
905370
906285
906339
906916
906917
906922
907085
907259
907504
907505
907842
907957
908002
908310
908321
908427
908432
908518
908536
908561
908583
908691
908772
909042
909300
909321
909600
909800
910144
910367
910443
910618
910621
910994
911254
911259
911556
911628
912205
912242
912318
912495
912763
912912
913024
913159
913196
913229
913233
913459
913515
913941
914054
915170
915171
915172
915663
915759
915780
916156
916958
916959
917253
917258
917262
917265
917354
917421
917424
917935
918066
918075
918355
918356
918360
918904
919290
919611
919648
920045
920373
920377
920391
920425
920510
920630
920722
920760
920897
921061
921372
921504
921730
921744
921936
922143
922144
922198
922243
922265
922401
922447
922448
922454
922471
922623
922813
922815
922855
922991
923210
923362
923571
923578
923619
924427
924430
924431
924531
924613
924722
924923
924966
925226
925312
925619
926145
926546
926619
926638
926670
926671
926684
927035
927063
927261
928092
928368
928488
928528
928674
928715
929227
929234
929574
929782
929963
930030
930152
930247
930416
930653
930755
930756
930841
930901
930978
931057
931160
931167
931168
931171
931180
931209
931254
931365
931394
931519
931585
931626
931627
931846
932150
932359
932470
932476
932589
933048
933132
933153
933155
933480
934146
935549
935550
935551
935553
935629
935724
935740
935974
936259
936263
936305
936356
936375
936703
936871
936874
937013
937066
937358
937395
937659
937692
937693
937707
937735
937807
937822
938225
938465
938493
938863
938888
939023
939474
939596
939728
939988
939991
939994
939996
940133
940135
940510
940882
941026
941459
941690
941692
941693
941751
941771
941772
941907
942260
942935
942936
942937
943353
943354
943493
943862
943865
943935
943989
944162
944166
944398
945988
945989
945991
945992
946105
946175
946390
946392
946585
946937
947310
947676
947763
947995
948007
948136
948157
948649
948650
948766
948794
948959
949319
949613
949692
949924
950031
950055
950325
950867
950883
951156
951279
951280
951374
951418
951550
951877
951879
951991
951994
952021
952077
952128
952130
952221
952222
952654
953450
953536
953538
953577
953593
953884
953990
954260
954410
955123
955234
955356
955387
955643
955684
955789
955936
956034
956202
956335
956406
956413
956619
956621
956898
957043
957058
958494
958794
959054
959056
959057
959061
959063
959069
959417
959667
959698
959759
959803
959941
960020
960068
960163
960355
960371
960372
960859
960900
960902
960905
961022
961040
961188
961584
961639
961681
961682
961818
962127
962346
962367
962834
963127
963346
963380
963411
963505
963742
963822
964019
964187
964208
964308
964354
964368
964428
964757
964923
964924
964970
965230
965231
965232
965290
965299
965313
965314
965395
965397
965631
965723
965765
966162
966337
966361
966439
966721
966984
967060
967079
967338
967699
968312
968601
969338
969608
969736
969835
969848
969956
970021
970024
970146
970223
970414
970503
970605
970677
971041
971131
971134
971165
971172
971223
971225
971243
971450
971542
971703
971823
971857
971947
972085
972402
972473
972486
972774
972952
973097
973198
973246
973463
973621
973673
973674
973903
974177
974200
974201
974202
974467
974517
974627
974652
974655
974681
974697
974749
974804
975118
975415
975595
976357
976574
977834
977839
977850
978008
978338
978343
978497
978754
978881
978921
979048
979183
979593
979766
979913
980053
980058
980060
980172
980274
980409
980438
980518
980538
980548
980643
980755
980857
981023
981025
981416
981445
981446
981448
981716
982050
982060
982328
982335
982721
982762
983167
983415
983611
984034
984038
984416
984467
984642
984688
984938
984943
985276
985340
985457
985681
985804
985907
986231
986267
986272
986298
986300
986501
986573
986641
986652
986780
987335
987426
987571
987728
987730
988101
988102
988132
988363
988811
989495
990422
990525
990973
991096
991243
991425
991531
991570
991758
991914
991956
992014
992106
992245
992519
992520
992593
992597
992660
992752
992960
993193
993357
993499
993511
993513
993634
993682
995071
995130
995188
995257
995682
995733
996011
996245
996299
996346
996422
996548
996672
996696
996697
997496
997789
997790
997902
998004
998081
998279
998280
998348
998357
998596
998979
999114
999125
999200
999250
999291
999411
999647
999877
1000009
1000600
1000738
1000926
1001018
1001050
1001441
1001445
1001446
1001448
1001611
1001713
1002260
1002349
1002571
1002723
1002724
1003047
1003417
1003623
1003866
1003888
1003908
1004236
1004244
1004284
1004703
1005085
1005181
1005191
1006014
1006015
1006231
1006232
1006507
1006509
1007139
1007141
1007142
1007248
1007257
1007310
1007417
1007636
1007645
1007680
1007826
1007947
1007986
1008217
1008251
1008669
1008911
1009276
1009477
1011146
1011605
1012107
1012115
1012815
1012959
1012983
1013000
1013353
1013903
1013904
1013944
1014007
1014085
1014086
1014095
1014365
1014621
1014711
1014772
1014803
1014831
1015314
1015449
1015568
1016549
1016585
1016601
1016664
1016728
1016729
1016739
1017082
1017171
1017368
1017593
1017753
1017754
1018240
1018438
1019303
1019327
1019347
1019445
1019491
1019573
1019973
1020038
1020183
1020563
1020569
1020800
1020968
1021200
1021202
1021372
1021472
1021510
1021701
1021786
1022046
1022151
1022152
1022228
1022267
1022270
1022298
1022687
1022810
1022860
1022945
1024545
1024869
1024981
1025037
1025312
1025314
1025319
1025387
1025471
1025515
1025516
1025648
1025906
1025962
1026126
1026184
1026185
1026377
1026429
1026459
1026730
1026731
1026981
1027270
1027438
1027556
1028540
1028607
1028619
1028805
1028873
1028898
1029120
1029483
1029557
1029952
1030016
1030074
1030318
1031469
1031510
1031511
1031910
1032151
1032289
1032383
1032431
1032434
1032530
1032533
1032535
1032537
1032568
1032669
1032826
1033000
1033313
1033739
1033741
1033742
1033756
1033980
1034020
1034021
1034074
1034076
1034077
1034162
1034962
1035009
1035011
1035013
1035051
1035052
1035136
1035258
1035321
1035422
1035442
1035443
1035711
1035713
1035714
1035766
1036055
1036075
1036142
1036520
1036529
1036533
1036534
1036653
1036843
1036920
1037133
1037236
1037237
1037266
1037382
1037513
1037520
1037857
1037973
1038049
1038144
1038145
1038163
1038164
1038422
1038537
1038553
1038909
1039597
1039765
1040176
1040280
1040335
1040493
1040660
1040661
1040786
1040959
1041384
1041385
1041386
1041387
1041463
1041465
1041524
1041526
1041578
1042082
1042083
1042084
1042085
1042210
1042321
1042345
1042531
1042540
1042551
1042600
1043036
1043037
1043140
1043309
1043513
1044443
1044445
1044488
1044678
1045502
1045668
1045670
1045671
1045674
1046989
1046990
1046991
1046992
1047021
1047098
1047155
1047186
1047827
1047844
1047847
1048260
1048540
1048615
1049299
1049688
1049726
1049729
1049817
1049818
1049885
1049886
1049973
1050071
1050193
1050194
1050215
1050233
1050296
1050516
1050532
1050749
1051111
1051120
1051175
1051289
1051415
1051465
1051579
1051896
1051985
1051989
1052115
1052313
1052387
1052438
1052452
1052663
1052668
1052873
1052910
1053460
1053509
1053546
1053551
1053896
1054060
1054214
1054263
1054368
1054435
1054440
1054519
1054909
1055008
1055009
1055018
1055108
1055133
1055157
1055223
1055308
1055309
1055339
1055430
1055579
1055619
1055661
1055666
1055671
1055719
1055801
1055859
1055860
1055906
1055933
1056121
1056137
1056169
1056250
1056291
1056350
1056493
1056767
1056892
1056894
1057092
1057194
1057239
1057242
1057249
1057698
1058269
1058288
1058338
1058342
1058547
1058627
1058791
1059177
1059178
1059207
1059292
1059297
1059362
1059478
1059580
1059651
1059827
1059903
1059928
1059961
1060036
1060176
1060213
1060400
1060401
1060405
1060525
1062077
1062361
1062455
1062456
1062660
1062742
1063015
1063067
1063084
1063228
1063421
1063915
1063920
1064032
1064130
1064272
1064373
1064375
1064419
1064422
1064653
1064722
1064869
1064915
1064969
1065334
1065453
1065514
1065515
1065517
1065557
1065721
1065753
1065768
1065831
1065886
1066104
1066105
1066108
1066265
1066266
1066414
1066422
1066489
1066502
1066503
1066508
1066905
1067056
1067157
1067472
1067578
1067729
1067730
1067731
1067833
1067980
1068107
1068179
1068282
1068552
1068553
1068709
1068932
1068936
1069085
1069196
1069704
1069717
1069753
1069783
1069798
1070761
1070844
1070929
1070941
1071216
1071228
1071783
1071871
1071872
1071959
1072030
1072156
1072512
1072514
1072735
1072764
1072784
1072858
1072914
1072930
1072977
1072989
1073012
1073056
1073073
1073090
1073215
1073356
1073357
1073962
1074018
1074172
1074523
1074856
1074963
1075064
1075468
1075472
1075625
1075701
1075702
1075724
1076119
1076359
1076514
1076726
1076727
1076741
1076821
1076861
1076932
1077291
1077568
1077578
1077583
1077800
1077801
1078345
1078348
1078416
1078496
1078574
1078596
1078634
1078821
1078920
1078979
1079029
1079062
1079360
1079363
1079407
1079460
1079495
1079548
1079608
1079791
1079842
1079969
1080060
1080238
1080394
1080485
1080486
1080571
1080648
1080771
1080874
1080883
1080978
1081206
1081248
1081317
1081340
1081585
1081798
1082467
1082501
1082578
1082696
1082834
1082911
1082967
1082991
1082992
1083097
1083214
1083298
1083385
1083402
1083403
1084802
1085031
1085189
1085431
1085433
1085440
1085445
1085694
1085730
1085737
1085843
1085939
1086006
1086099
1086272
1086466
1086511
1086612
1086616
1086631
1086710
1086900
1086987
1087131
1087236
1087284
1087285
1087334
1087478
1087484
1087760
1087762
1087798
1087859
1087914
1088108
1088172
1088411
1089158
1089221
1089918
1090122
1090123
1090678
1090807
1090816
1090817
1091429
1091486
1091600
1091611
1092023
1092265
1092267
1092268
1092269
1092389
1092390
1092496
1092609
1092770
1093005
1093186
1093187
1093218
1093242
1093243
1093503
1093512
1093968
1094013
1094247
1094347
1094558
1094707
1095363
1095399
1095485
1095487
1095525
1095762
1095800
1095809
1095814
1095940
1096071
1096074
1096084
1096113
1096493
1096494
1096590
1096653
1096712
1096737
1096884
1096914
1096959
1097007
1097020
1097119
1097222
1097225
1097238
1097368
1097457
1097474
1097717
1097938
1097940
1098149
1098210
1098211
1098254
1098279
1098281
1098323
1098679
1098683
1098821
1099144
1099271
1099315
1099401
1100316
1100317
1100318
1100320
1100562
1100664
1100701
1100721
1100836
1100906
1100932
1101276
1101370
1101371
1101463
1101465
1101487
1101524
1101557
1101604
1101606
1101608
1101780
1101781
1101827
1101829
1101884
1101886
1102274
1102275
1102390
1102517
1102827
1103993
1104076
1104363
1104431
1104583
1104824
1104900
1104937
1105049
1105219
1105288
1105527
1105536
1105613
1105619
1105620
1105622
1105761
1105778
1105795
1105966
1106159
1106189
1106257
1106402
1106876
1107520
1107627
1107632
1107974
1108673
1108711
1108714
1108748
1108850
1108981
1109140
1109256
1109457
1109458
1109459
1109708
1109726
1109808
1109823
1110051
1110250
1110683
1110701
1110710
1110728
1110768
1111726
1111727
1111753
1111788
1112048
1112122
1112150
1112508
1112716
1112988
1113001
1113003
1113128
1113129
1113542
1113573
1113589
1113640
1113641
1113718
1113757
1113798
1113839
1113920
1114091
1114212
1114458
1115197
1115198
1115397
1115931
1115933
1115934
1115936
1115937
1115938
1115940
1115958
1115997
1115998
1116198
1116210
1116255
1116462
1116901
1116902
1117052
1117053
1117056
1117072
1117166
1117167
1117221
1117468
1117683
1117684
1118435
1118436
1118572
1118591
1118855
1119397
1119399
1119408
1119418
1119429
1119430
1119592
1119959
1119960
1120079
1120195
1120196
1120616
1120617
1120618
1120967
1120968
1120970
1120973
1121102
1121162
1121172
1121335
1121397
1121475
1121621
1121877
1121985
1122035
1122232
1122274
1122280
1122447
1122469
1122555
1122649
1123026
1123090
1123231
1123281
1123384
1123563
1123564
1123640
1124109
1124111
1124219
1124221
1124299
1124308
1124409
1124459
1124700
1124711
1124839
1124841
1125010
1125025
1125134
1125258
1125272
1125296
1125297
1125323
1125338
1125356
1125358
1126036
1126046
1126072
1126136
1126143
1126162
1126186
1126197
1126207
1126219
1126453
1126489
1126532
1126925
1127263
1127446
1127880
1127881
1127884
1128126
1128128
1128188
1128266
1128693
1128723
1128771
1128784
1128909
1128964
1128989
1129024
1129553
1129756
1129758
1129762
1129874
1130415
1130611
1130802
1130836
1131070
1131491
1131493
1131580
1131636
1131680
1131784
1131967
1132060
1132117
1132142
1132161
1132209
1132234
1132255
1132278
1132397
1132429
1132447
1132474
1132475
1132476
1132477
1132628
1132805
1132831
1132894
1132908
1132969
1132984
1133688
1133714
1133737
1133949
1133968
1133969
1134002
1134362
1134476
1134649
1134749
1134758
1134832
1134976
1135045
1135192
1135347
1135354
1135839
1135945
1136111
1136112
1136274
1136275
1136292
1136303
1136316
1136416
1136860
1136861
1136862
1136887
1136888
1136913
1137110
1137138
1137179
1137315
1137566
1137674
1137986
1137987
1137988
1138124
1138353
1138364
1138413
1138439
1138775
1138776
1138778
1138817
1138947
1138993
1139154
1139325
1139655
1139704
1139713
1139715
1139723
1139855
1139906
1139938
1139976
1140035
1140163
1140406
1140451
1140638
1140776
1141714
1141912
1141918
1141920
1142080
1142084
1142156
1142170
1142202
1142445
1142589
1142590
1142597
1142703
1142886
1142918
1143014
1143015
1143049
1143158
1143208
1143213
1143311
1143416
1143568
1143569
1143733
1143889
1144013
1144234
1144268
1144316
1144318
1144417
1144552
1144881
1144936
1145036
1145062
1145133
1145238
1145335
1145454
1145864
1145873
1146005
1146026
1146059
1146095
1146112
1146137
1146139
1146141
1146158
1146270
1146271
1146300
1146350
1146351
1146478
1146568
1146569
1146636
1146898
1147045
1147060
1147061
1147462
1147481
1147575
1147601
1147614
1147902
1147938
1147945
1148111
1148530
1148640
1148642
1148646
1148898
1148901
1149287
1149379
1149380
1149496
1149573
1149712
1149843
1150094
1150096
1150369
1150534
1150537
1150764
1150770
1150771
1150839
1150877
1150993
1151441
1151457
1151510
1151601
1151823
1151827
1152378
1152416
1152521
1152525
1152570
1152693
1152697
1152804
1152812
1152868
1152913
1153006
1153026
1153035
1153209
1153294
1153455
1153592
1153655
1153659
1153670
1153675
1153777
1154250
1154273
1154274
1154306
1154415
1154416
1154573
1154591
1154603
1154652
1154928
1155035
1155037
1155064
1155205
1155436
1155588
1155599
1155605
1155617
1155768
1155802
1155885
1155935
1155979
1155989
1156325
1156346
1156762
1157253
1157255
1157468
1157470
1157471
1157472
1157480
1157568
1157618
1157619
1158716
1158964
1159254
1159265
1159272
1159337
1159369
1159527
1159543
1159830
1159832
1159834
1159835
1159836
1159837
1159885
1159953
1159976
1160121
1160122
1160187
1160188
1160206
1160260
1160311
1160537
1160538
1160549
1160812
1160814
1160855
1161047
1161248
1161418
1161843
1161846
1161856
1161862
1161887
1161889
1161980
1162232
1162238
1162600
1162878
1163060
1163373
1163481
1163805
1163808
1164013
1164019
1164022
1164093
1164166
1164168
1164479
1164542
1164610
1164649
1164654
1164730
1164987
1165024
1165078
1165153
1165194
1165282
1165412
1165473
1165490
1165502
1165505
1165517
1165629
1165821
1165837
1165847
1165916
1165921
1166136
1166170
1166469
1166571
1167139
1167143
1167307
1167580
1167589
1167592
1167597
1167599
1167603
1167771
1168025
1168037
1168055
1168056
1168214
1168264
1168563
1168569
1168868
1168950
1169085
1169223
1169227
1169245
1169249
1169525
1169551
1169638
1170039
1170130
1170385
1170386
1170751
1170753
1170754
1170831
1170921
1171048
1171163
1171338
1171340
1171341
1171343
1171419
1171420
1171506
1171762
1171826
1171966
1171984
1171997
1172032
1172066
1172098
1172120
1172156
1172274
1172355
1172395
1172396
1172399
1172400
1172499
1172887
1172937
1172971
1172986
1172993
1173007
1173201
1173876
1173924
1174014
1174018
1174183
1174249
1174251
1174302
1174362
1174380
1174528
1174625
1174627
1174687
1174718
1174810
1174817
1175086
1175088
1175091
1175092
1175097
1175122
1175206
1175271
1175278
1175295
1175323
1175402
1175409
1175411
1175533
1175615
1175780
1175802
1175824
1176211
1176243
1176631
1176673
1176790
1176829
1176901
1176918
1176948
1176994
1177074
1177465
1177467
1177777
1177778
1177779
1177819
1177872
1178253
1178371
1178377
1178398
1178423
1178448
1178470
1178520
1178549
1178551
1178648
1178745
1178773
1178946
1178948
1179102
1179108
1179119
1179120
1179121
1179122
1179222
1179301
1179569
1180103
1180105
1180106
1180108
1180272
1180273
1180460
1180746
1180748
1180749
1180750
1180751
1180753
1180907
1180932
1180953
1180998
1181033
1181064
1181079
1181100
1181380
1181530
1182134
1182253
1182371
1182430
1183015
1183253
1183480
1183483
1183493
1183651
1183736
1183783
1183957
1184002
1184236
1184239
1184429
1184527
1184532
1184693
1184849
1184850
1184852
1184864
1184899
1184906
1184952
1184989
1185098
1185161
1185299
1185313
1185317
1185708
1185814
1185872
1185888
1186162
1186314
1186319
1186320
1186321
1186606
1186764
1187062
1187727
1187728
1187732
1187744
1187765
1187804
1187808
1187837
1187853
1187910
1188260
1188262
1188263
1188266
1188283
1188445
1188447
1188458
1188498
1188509
1188718
1188755
1189154
1189156
1189157
1189208
1189294
1189723
1189724
1189731
1189896
1190086
1190089
1190134
1190180
1190261
1190289
1190326
1190458
1190466
1190507
1190565
1191021
1191022
1191194
1191611
1191612
1191638
1191667
1191726
1191877
1192020
1192039
1192171
1192191
1192242
1192248
1192249
1192276
1192286
1192288
1192296
1192366
1192392
1192402
1192420
1192427
1192444
1192445
1192446
1192449
1192631
1192748
1192756
1192821
1192870
1192987
1193140
1193418
1193581
1193598
1193645
1193679
1193774
1193786
1193794
1193890
1193899
1193901
1193909
1194032
1194067
1194069
1194277
1194459
1194501
1194568
1194765
1194774
1194876
1194879
1194882
1195040
1195382
1195546
1195578
1195632
1195839
1195843
1195845
1196086
1196116
1196120
1196122
1196127
1196231
1196234
1196282
1196439
1196596
1196774
1197115
1197252
1197260
1197445
1197524
1197525
1197539
1197622
1197623
1197624
1197625
1197731
1197846
1197850
1197886
1197957
1198030
1198118
1198176
1198303
1198348
1198551
1198640
1198681
1198682
1198685
1199013
1199016
1199019
1199020
1199021
1199069
1199205
1199217
1199240
1199392
1199569
1199570
1199681
1199728
1199826
1200034
1200122
1200605
1200652
1200666
1200671
1200676
1201028
1201237
1201238
1201239
1201241
1201244
1201245
1201246
1201247
1201301
1201386
1201528
1201529
1201568
1201616
1201647
1201648
1201658
1201689
1201709
1202024
1202025
1202071
1202294
1202295
1202359
1202461
1202731
1202789
1202827
1203244
1203716
1203717
1203820
1203924
1204303
1204306
1204393
1204685
1204756
1205036
1205586
1205593
1205604
1205606
1205792
1205904
1205956
1205979
1206018
1206164
1206210
1206219
1206444
1206730
1206734
1206758
1206781
1206784
1206884
1206887
1206915
1207009
1207012
1207036
1207227
1207241
1207441
1207471
1207534
1207628
1207634
1207635
1207636
1207639
1207643
1207652
1207923
1208107
1208344
1208522
1208679
1208682
1208708
1208710
1208712
1208730
1208742
1208946
1209194
1209285
1209333
1209418
1209488
1209569
1209823
1210208
1210210
1210240
1210241
1210294
1210460
1210465
1210595
1210597
1210599
1210613
1210615
1210622
1210666
1210671
1210706
1210886
1210892
1210962
1210971
1211194
1211203
1211287
1211491
1211550
1211848
1211851
1211858
1212017
1212039
1212064
1212085
1212086
1212254
1212255
1212298
1212429
1212440
1212541
1212644
1212722
1213120
1213125
1213197
1213896
1213932
1213936
1214171
1214292
1214296
1214298
1214299
1214301
1214372
1214461
1214464
1214504
1214505
1214507
1214524
1214543
1214558
1214628
1214645
1214739
1214876
1214878
1214955
1215015
1215113
1215310
1215311
1215357
1215365
1215539
1215765
1215768
1215795
1215796
1215797
1215835
1215836
1215863
1215944
1215954
1216046
1216057
1216131
1216498
1216685
1217700
1217921
1218635
1218679
1218741
1218895
1218897
1219050
1219051
1219191
1219330
1219376
1219439
1219447
1219497
1219524
1220377
1220492
1220625
1220740
1220787
1220856
1220978
1221046
1221084
1221216
1221395
1221743
1222050
1222052
1222734
1222739
1222740
1222746
1222747
1222749
1222810
1222840
1222863
1222932
1222950
1222978
1223003
1223009
1223181
1223458
1223486
1223514
1223778
1223779
1223856
1223869
1223910
1223911
1223957
1224062
1224063
1224076
1224077
1224154
1224169
1224256
1224471
1224727
1224805
1224817
1224893
1224894
1224967
1224982
1225006
1225131
1225275
1225318
1225443
1225482
1225502
1225545
1225553
1225554
1225861
1225864
1225966
1225967
1226046
1226206
1226207
1226433
1226434
1226440
1226488
1226711
1226876
1227073
1227074
1227075
1227170
1227219
1227220
1227553
1227680
1228354
1228790
1229001
1229472
1229484
1230212
1230214
1230258
1230340
1230354
1230739
1230866
1230897
1231229
1231234
1231467
1231537
1231771
1231820
1231845
1231847
1231851
1231969
1232036
1232314
1232435
1232469
1232526
1232668
1232745
1232928
1233005
1233210
1233335
1233360
1233752
1233785
1233798
1233801
1234104
1234169
1234184
1234219
1234221
1234644
1234646
1234715
1234910
1235355
1235360
1235361
1235512
1235518
1235524
1235745
1235969
1235973
1236184
1236186
1236271
1236277
1236347
1236384
1236407
1236477
1236601
1236603
1236604
1236664
1236681
1236683
1236745
1236853
1236867
1237039
1237045
1237886
1238090
1238279
1238285
1238455
1238655
1238757
1238788
1238832
1238944
1239010
1239104
1239105
1239455
1239461
1239675
1239721
1239889
1239952
1239982
1240105
1240155
1240160
1240227
1240265
1240436
1240439
1240441
1240460
1240700
1240703
1240782
1240783
1240853
1240854
1240877
1240891
1240893
1240894
1240895
1241359
1241655
1241667
1241734
1241737
1241738
1241945
1242229
1242341
1242521
1242597
1242604
1242655
1242662
1242663
1242664
1242996
1243026
1243030
1243080
1243418
1243467
1243526
1243621
1243698
1243752
1243875
1243877
1243879
1243980
1244140
1244212
1244283
1244382
1244608
1244662
1244770
1244917
1244941
1244987
1245246
1245668
1246141
1246221
1246225
1246868
1247019
1247024
1247027
1247043
1247045
1247290
1247292
1247293
1247295
1247296
1247299
1247600
1247651
1247728
1247858
1248070
1248083
1248109
1248129
1248147
1248222
1248285
1248627
1248630
1248811
1248812
1248814
1249242
1249294
1249297
1249300
1249324
1249560
1249608
1249698
1249771
1249954
1250011
1250095
1250141
1250183
1250337
1250345
1250390
1250420
1250504
1250546
1250697
1251212
1251951
1252039
1252060
1253183
1253184
1253186
1253187
1253529
1253612
1253720
1253726
1254024
1254075
1254076
1254677
1254678
1254679
1254680
1254798
1254820
1254850
1254851
1254852
1255124
1255213
1255387
1255389
1255460
1255688
1255792
1255793
1255796
1256259
1256320
1256397
1256617
1257025
1257123
1257634
1258089
1258102
1258189
1258263
1258267
1258289
1258475
1258906
1259024
1259068
1259080
1259188
1259199
1259287
1259328
1259460
1259647
1259676
1259702
1259705
1259778
1259823
1259835
1259919
1259936
1259993
1260091
1260093
1260170
1260245
1260250
1260259
1260337
1260364
1260727
1260730
1260756
1261193
1261202
1261334
1261571
1261610
1261684
1261928
1262283
1262313
1262347
1262474
1262809
1263239
1263804
1263831
1263901
1264143
1264213
1264229
1264779
1264781
1264839
1264840
1264963
1264971
1265013
1265014
1265192
1265199
1265266
1265417
1265446
1265577
1265660
1265770
1265780
1265915
1266013
1266016
1266121
1266142
1266158
1266214
1266266
1266412
1266525
1266529
1266566
1266595
1266646
1266775
1267087
1267223
1267375
1267503
1267507
1267715
1267851
1267863
1267880
1267960
1268163
1268185
1268229
1268416
1268522
1268547
1268560
1268631
1268632
1268971
1269028
1269315
1269744
1269815
1269828
1269901
1269940
1270134
1270177
1270183
1270228
1270321
1270383
1270428
1270540
1270998
1271121
1271163
1271274
1271298
1271356
1271506
1271697
1271729
1271734
1271918
1271937
1271947
1271993
1272043
1272044
1272076
1272223
1272426
1272487
1272533
1272583
1272660
1272720
1272898
1273090
1273105
1273110
1273175
1273219
1273227
1273476
1273538
1273849
1273974
1274024
1274435
1274453
1274557
1274654
1274665
1274736
1274774
1274784
1274887
1274995
1274997
1275297
1275313
1275315
1275353
1275355
1275699
1276004
1276266
1276452
1276476
1276525
1277009
1277177
1277529
1277555
1277758
1277760
1277834
1278504
1278867
1279136
1279183
1279229
1279273
1279367
1279378
1279379
1279662
1279696
1279698
1279864
1279865
1279876
1279924
1279937
1279983
1280000
1280063
1280254
1280255
1280336
1280377
1280398
1280415
1280514
1280593
1280596
1280600
1280601
1280608
1280627
1280725
1280829
1280836
1280854
1281139
1281141
1281269
1281312
1281525
1281572
1281676
1281690
1281875
1282192
1282511
1282796
1283011
1283042
1283047
1283247
1283249
1283287
1283423
1283507
1283747
1283751
1284179
1284274
1284277
1284281
1284372
1284405
1284545
1284547
1284548
1284550
1285362
1285363
1285364
1285485
1285493
1285511
1285601
1285612
1285657
1285659
1285674
1285679
1285766
1285927
1286162
1286268
1286270
1286337
1286349
1286350
1286997
1288999
1289048
1289225
1289575
1289595
1289767
1289791
1289833
1289846
1289865
1289871
1289915
1290095
1290135
1290369
1290460
1290560
1290796
1290900
1290913
1291031
1291080
1291113
1291177
1291184
1291341
1291342
1291503
1291549
1291562
1291575
1291594
1291601
1291618
1291653
1291761
1291800
1291810
1291928
1292000
1292008
1292014
1292032
1292039
1292071
1292144
1292532
1292590
1292596
1292613
1292657
1292658
1292834
1292853
1292945
1293031
1293037
1293277
1293507
1293537
1293762
1293957
1293958
1294016
1294021
1294307
1294308
1294683
1294714
1294777
1294840
1294843
1294880
1294896
1294941
1295002
1295022
1295026
1295305
1295512
1295514
1295615
1296081
1296098
1296139
1296150
1296596
1296600
1297005
1297245
1297255
1297269
1297270
1297273
1297343
1297346
1297384
1297601
1297633
1297698
1297719
1297825
1297844
1297957
1297958
1298189
1298383
1298820
1298835
1298877
1299022
1299029
1299058
1299070
1299157
1299204
1299252
1299278
1299291
1299425
1299427
1299430
1299539
1299773
1299822
1299867
1299874
1299942
1299944
1300586
1300593
1300640
1300649
1300745
1300797
1300895
1300896
1301048
1301049
1301117
1301383
1301448
1301522
1301577
1301633
1302030
1302194
1302758
1302759
1302893
1302973
1303005
1303028
1303030
1303055
1303078
1303142
1303238
1303266
1303869
1303959
1304233
1304294
1304384
1304773
1304774
1304777
1305026
1305172
1305434
1305803
1305804
1305813
1305816
1305818
1305886
1305986
1306002
1306003
1306066
1306068
1306219
1306427
1306622
1307667
1307682
1307855
1307883
1307915
1308122
1308127
1308438
1308439
1308442
1308446
1308490
1308518
1308582
1308631
1308671
1308681
1308741
1308757
1308771
1308781
1308870
1309057
1309307
1309378
1309387
1309436
1309545
1309577
1309844
1309922
1309945
1310218
1310220
1310382
1310655
1310952
1311264
1311296
1311854
1312272
1312273
1312330
1312745
1313180
1313181
1313183
1313243
1313248
1313266
1313276
1313308
1313315
1313316
1313381
1313398
1313540
1313779
1314320
1314391
1314519
1314708
1314771
1314802
1314840
1314870
1315275
1315360
1315493
1315954
1316054
1316201
1316204
1316358
1316577
1316584
1316596
1316972
1316977
1316986
1317306
1317315
1317533
1317540
1317544
1317553
1317827
1317831
1317840
1318033
1318041
1318125
1318252
1318269
1318319
1318547
1318550
1318588
1318685
1318881
1318918
1319129
1319180
1319182
1319183
1319281
1319348
1319408
1319434
1319482
1319508
1319539
1319595
1319728
1319815
1319827
1319907
1320020
1320726
1320990
1321176
1321180
1321231
1321232
1321569
1321583
1321664
1321707
1321831
1321989
1322165
1322318
1322338
1322410
1322415
1322504
1322514
1322524
1322644
1322782
1322809
1322856
1323000
1323074
1323076
1323077
1323078
1323180
1323230
1323385
1323558
1323657
1323863
1324034
1324070
1324260
1324414
1324583
1324692
1324708
1324722
1324816
1324817
1325004
1325062
1325065
1325067
1325072
1325245
1325407
1325481
1325513
1325588
1325633
1325675
1325730
1325732
1325733
1325735
1325758
1326072
1326225
1326238
1326713
1326714
1326716
1326732
1326859
1327075
1327115
1327335
1327440
1327573
1327662
1327724
1327726
1327813
1327814
1327817
1327844
1327918
1328109
1328214
1328222
1328294
1328347
1328642
1328830
1328831
1328838
1328853
1328896
1329025
1329065
1329133
1329148
1329347
1329397
1329544
1329646
1329651
1329757
1329774
1329786
1329852
1329914
1329936
1330037
1330040
1330143
1330178
1330301
1330346
1330412
1330440
1330453
1330459
1330462
1330478
1330624
1331146
1331772
1331773
1333749
1333950
1334301
1334519
1334715
1334794
1334883
1334910
1335018
1335021
1335023
1335155
1335298
1335301
1335365
1335843
1336002
1336044
1336046
1336127
1336128
1336131
1336294
1336300
1336302
1336304
1336444
1336552
1336832
1336955
1337090
1337143
1337174
1337208
1337362
1337388
1337401
1337452
1338054
1338066
1338170
1338253
1338279
1338318
1338359
1338369
1338861
1338862
1338865
1339106
1339225
1339263
1339402
1339428
1339449
1339631
1339686
1340114
1340425
1340709
1340798
1341304
1341311
1341312
1341522
1341812
1342005
1342086
1342380
1342510
1342511
1342524
1342587
1342590
1342686
1343002
1343158
1343162
1343167
1343311
1343391
1343392
1343394
1343432
1343590
1343618
1343720
1343843
1343888
1343930
1344046
1344087
1344156
1344242
1344309
1344319
1344467
1344474
1344512
1344522
1344562
1344590
1344836
1344844
1345145
1345742
1345771
1346185
1346236
1346238
1346265
1346267
1346480
1346483
1346485
1346633
1346731
1346837
1346860
1347005
1347018
1347068
1347184
1347189
1347246
1347318
1347366
1347371
1347590
1347661
1347752
1347776
1347901
1347947
1347966
1348212
1348348
1348426
1348491
1348495
1348570
1348581
1348757
1348836
1348941
1348942
1349064
1349488
1349589
1349590
1349594
1349598
1349600
1349637
1350029
1350040
1350181
1350205
1350278
1350387
1350392
1350409
1350431
1350483
1350520
1350525
1350574
1350738
1350761
1350873
1350877
1351012
1351067
1351127
1351151
1351175
1351235
1351408
1351435
1351564
1351571
1351574
1351575
1351719
1351727
1351733
1351826
1352954
1353012
1353117
1353499
1353505
1353553
1353557
1353616
1353701
1353932
1353981
1353991
1354040
1354229
1354260
1354273
1354292
1354313
1354358
1354383
1354384
1354505
1354514
1354611
1354644
1354662
1354696
1354739
1354781
1354807
1354821
1355073
1355074
1356718
1357216
1357270
1357355
1357357
1357535
1357562
1357569
1357641
1357645
1357943
1358215
1358303
1358305
1358340
1358343
1358368
1358565
1358566
1358725
1358746
1358803
1358982
1358987
1359034
1359196
1359225
1359229
1359453
1359505
1359575
1359579
1359591
1359593
1359607
1359773
1359775
1359783
1359838
1359841
1360012
1360014
1360017
1360078
1360568
1360636
1360889
1360890
1360892
1360893
1361013
1361073
1361074
1361153
1361178
1361179
1361562
1361565
1361571
1361600
1361710
1361871
1362290
1362291
1362855
1362856
1362916
1362917
1362964
1363107
1363144
1363351
1363362
1363406
1363807
1363836
1364301
1364509
1364544
1364565
1364569
1364629
1364634
1364639
1364740
1364813
1364817
1365129
1365167
1365242
1365287
1365457
1365505
1365513
1365700
1365754
1365930
1365931
1365944
1366052
1366141
1366179
1366191
1366206
1366430
1366522
1366544
1366567
1366645
1366665
1366670
1366862
1366869
1366873
1367156
1367313
1367547
1367646
1367675
1367688
1367923
1367925
1368130
1368515
1368817
1368899
1369428
1369431
1369458
1369475
1369614
1369648
1369680
1369734
1369737
1369786
1369791
1369938
1370016
1370104
1370119
1370156
1370157
1370158
1370285
1370311
1370324
1370526
1370614
1370723
1370803
1370826
1370829
1370912
1370962
1371198
1371543
1371678
1371777
1371805
1371806
1372229
1372275
1372277
1372661
1372662
1372673
1372676
1372686
1372722
1372724
1372814
1372896
1373016
1373018
1373181
1373309
1373322
1373410
1373498
1373544
1373551
1373557
1373619
1373699
1373709
1373748
1374223
1374235
1374241
1374242
1374395
1374563
1374573
1374586
1374793
1374820
1374935
1375025
1375207
1375379
1375950
1375952
1375969
1375994
1376054
1376057
1376182
1376254
1376260
1376333
1376339
1376351
1376352
1376450
1376520
1376698
1376853
1376886
1376942
1376946
1377166
1377277
1377379
1377436
1377527
1377547
1377593
1377668
1377683
1377684
1377747
1377869
1378209
1378458
1378510
1378516
1378576
1378583
1378659
1378716
1378749
1378750
1378996
1379153
1379159
1379209
1379475
1379729
1379906
1379907
1380173
1380336
1380340
1380352
1380487
1380502
1380505
1380529
1380530
1380560
1380563
1380668
1380808
1380837
1380866
1380919
1380981
1380984
1381387
1381448
1381511
1381514
1381644
1381647
1381654
1381677
1381740
1381770
1381783
1381847
1381914
1381916
1381917
1382036
1382180
1382333
1382528
1382580
1382675
1382730
1382745
1382771
1382803
1382805
1382810
1382919
1383202
1383203
1383206
1383210
1383325
1383353
1383510
1383511
1383537
1383539
1383544
1383618
1383687
1383724
1383729
1383826
1383833
1383942
1383979
1384162
1384587
1384608
1384683
1384776
1384777
1384989
1385045
1385088
1385122
1385243
1385557
1385676
1385913
1386164
1386198
1386200
1386238
1386302
1386425
1386800
1386812
1386873
1387119
1387120
1387124
1387280
1387282
1387285
1387383
1387400
1387404
1387426
1387476
1387479
1387514
1387542
1387544
1387644
1387758
1387761
1387783
1387870
1387934
1388188
1388191
1388416
1388517
1388744
1388762
1388785
1388806
1388900
1389192
1389445
1389578
1389756
1389825
1389851
1390002
1390068
1390072
1390210
1390550
1390559
1390631
1390744
1390918
1390957
1390994
1391215
1391305
1391372
1391375
1391378
1391380
1391455
1391583
1391711
1391716
1391760
1391863
1391871
1391891
1391896
1391910
1391972
1392049
1392113
1392116
1392122
1392127
1392185
1392295
1392368
1392386
1392399
1392439
1392523
1392541
1392559
1392560
1392576
1392580
1392615
1392621
1392623
1392886
1392925
1392996
1394202
1394276
1394319
1394375
1394379
1394652
1394656
1394661
1394666
1394669
1394684
1394686
1394813
1394930
1394956
1395014
1395051
1395053
1395228
1395339
1395340
1395454
1395661
1395708
1395715
1395721
1395745
1395769
1395786
1395800
1395812
1395840
1395846
1395898
1396047
1396074
1396177
1396247
1396250
1396251
1396252
1396253
1396315
1396386
1396398
1396414
1396490
1397465
1397772
1397775
1397777
1397787
1398002
1398009
1398010
1398014
1398029
1398107
1398109
1398253
1398255
1398315
1398393
1398396
1398502
1398619
1398718
1398826
1398867
1398870
1398874
1398890
1399169
1399176
1399294
1399383
1399398
1399470
1399494
1399499
1399501
1399535
1399539
1399574
1399775
1400344
1400505
1400526
1400603
1400804
1400806
1400822
1401050
1401151
1401391
1401476
1401645
1401809
1401811
1401851
1402022
1402149
1402301
1402395
1402397
1402401
1402463
1402466
1402562
1402783
1402911
1402922
1402923
1403110
1403124
1403125
1403127
1403147
1403158
1403160
1403210
1403248
1403399
1403402
1403404
1403418
1403421
1403526
1403529
1403532
1403534
1403666
1403772
1403830
1403837
1403939
1403940
1403951
1404058
1404059
1404071
1404106
1404107
1404129
1404204
1404358
1404526
1404699
1404701
1404776
1404792
1404831
1404833
1404904
1404930
1405020
1405598
1405601
1405632
1405633
1405700
1405711
1405783
1405944
1405992
1406227
1406232
1406539
1406617
1406763
1407172
1407300
1407560
1407972
1407974
1407975
1408151
1408154
1408165
1408415
1408497
1408550
1408713
1408755
1408856
1408885
1409205
1409258
1409307
1409371
1409390
1409406
1409470
1409524
1409609
1409627
1410347
1410570
1410630
1410722
1410901
1410908
1410953
1410957
1411329
1411330
1411346
1411347
1411373
1411427
1411445
1411595
1411617
1411737
1411788
1411882
1412019
1412116
1412119
1412244
1412329
1412424
1412449
1412451
1412731
1412754
1412807
1412808
1412920
1413064
1413066
1413067
1413205
1413207
1413208
1413533
1413534
1413536
1413537
1413538
1413542
1413544
1413549
1413550
1413563
1413565
1413586
1413749
1413760
1413814
1413833
1413834
1413849
1413943
1413969
1414064
1414137
1414333
1414702
1414903
1414960
1414973
1414994
1415004
1415080
1415081
1415115
1415126
1415474
1415511
1415667
1415696
1415885
1416116
1416122
1416142
1416143
1416145
1416148
1416149
1416152
1416451
1416454
1416460
1416462
1416465
1416474
1416496
1416580
1416584
1416651
1416749
1416765
1416794
1416853
1416967
1417043
1417209
1417272
1417367
1417387
1417465
1417466
1417563
1417693
1418469
1418649
1418803
1418819
1418943
1419054
1419058
1419076
1419149
1419206
1419360
1419380
1419384
1419414
1419600
1419622
1419626
1419701
1420086
1420088
1420090
1420092
1420139
1421269
1421719
1421720
1421799
1421895
1422170
1422181
1422306
1422670
1422709
1423034
1423048
1423056
1423110
1423297
1423311
1423313
1423328
1423357
1423360
1423369
1423418
1423437
1423596
1423604
1423669
1423806
1423811
1424019
1424172
1424259
1424357
1424362
1424369
1424416
1424418
1424419
1424459
1424520
1424552
1424587
1424642
1424652
1424653
1424721
1424829
1424830
1424864
1424879
1425326
1425342
1425363
1425410
1425447
1425552
1425553
1425564
1425573
1425972
1426210
1426214
1426215
1426216
1426217
1426218
1426219
1426221
1426222
1426254
1426306
1426307
1426324
1426380
1426640
1426645
1426803
1426842
1426875
1426893
1427503
1427633
1427797
1427860
1428021
1428277
1428315
1428491
1429022
1429064
1429140
1429217
1429226
1429341
1429438
1429594
1429686
1429692
1429724
1429732
1429804
1429818
1429920
1430003
1430141
1430143
1430145
1430150
1430157
1430158
1430193
1430530
1430542
1430551
1430558
1430699
1430761
1430769
1430832
1431042
1431048
1431058
1431063
1431066
1431174
1431268
1431272
1431296
1431298
1431325
1431423
1431486
1431502
1431635
1431697
1431703
1431761
1431874
1431893
1431903
1431905
1431910
1431935
1431991
1432045
1432112
1432143
1432329
1432542
1432553
1433334
1433463
1433724
1433903
1433985
1434102
1434231
1434409
1434419
1434494
1434527
1434622
1434625
1434639
1434640
1434822
1434824
1434829
1435031
1435032
1435035
1435266
1435284
1435384
1435412
1435689
1435690
1435696
1435718
1435720
1435784
1435798
1435824
1435865
1436108
1436134
1436254
1436261
1436309
1436329
1436404
1436405
1436556
1437014
1437027
1437031
1437104
1437128
1437192
1437415
1437471
1437485
1437538
1437592
1437597
1437755
1437802
1437804
1437808
1437809
1437825
1437979
1437981
1438100
1438106
1438107
1438199
1438342
1438353
1438522
1438561
1438649
1438710
1438764
1438914
1438929
1438944
1438948
1438958
1439018
1439222
1439254
1439503
1439566
1439695
1440047
1440103
1440156
1440158
1440225
1440228
1440255
1440306
1440313
1440429
1440447
1440454
1440461
1440464
1440466
1440570
1440605
1440642
1440723
1440805
1440902
1440929
1440932
1441006
1441273
1441280
1441281
1441299
1441418
1441428
1441542
1441625
1441718
1441720
1441736
1441806
1441843
1441887
1441898
1441903
1441907
1442778
1442779
1442869
1442871
1442917
1442938
1443013
1443041
1443042
1443043
1443049
1443069
1443202
1443235
1443371
1443377
1443589
1443592
1443812
1443823
1444102
1444125
1444126
1444239
1444476
1444480
1444492
1444602
1444722
1444745
1444746
1444749
1444752
1444754
1444760
1444779
1444893
1444950
1444952
1445103
1445109
1445181
1445226
1445228
1445232
1445297
1445341
1445450
1445479
1445483
1445539
1445544
1445905
1446040
1446121
1446481
1446482
1446909
1447109
1447154
1447189
1447414
1447643
1447644
1447645
1447646
1447647
1447648
1447703
1447728
1447740
1447930
1447932
1448048
1448049
1448160
1448197
1448248
1448250
1449332
1449357
1449546
1449591
1449597
1449773
1449833
1449936
1450637
1450741
1450813
1450883
1450980
1451017
1451103
1451226
1451332
1451403
1451647
1451695
1451701
1451705
1451762
1451764
1451769
1451931
1451981
1451995
1452035
1452037
1452074
1452091
1452096
1452103
1452371
1452608
1452996
1453044
1453073
1453105
1453147
1453149
1453195
1453239
1453312
1453350
1453361
1453365
1453490
1453531
1453572
1453625
1453631
1453643
1453657
1453765
1453778
1454032
1454060
1454075
1454134
1454192
1454248
1454417
1454568
1454694
1454967
1455098
1455305
1455307
1455544
1455583
1455590
1455596
1455695
1455698
1455710
1455737
1455823
1456053
1456100
1456101
1456112
1456323
1456324
1456327
1456328
1456484
1456510
1456802
1456867
1456870
1456917
1456928
1457004
1457012
1457042
1457063
1457110
1457247
1457387
1457503
1457505
1457551
1457552
1457833
1457923
1458002
1458027
1458364
1458486
1458487
1458659
1458864
1458866
1458903
1458908
1459041
1459117
1459118
1459120
1459121
1459123
1459233
1459234
1459276
1459339
1459350
1459528
1459890
1459892
1460216
1460250
1460259
1460356
1460372
1460468
1460534
1460550
1460602
1460835
1460893
1460903
1460933
1460950
1460964
1461298
1461564
1461614
1462237
1462241
1462264
1462330
1462344
1462384
1462386
1462475
1462512
1462574
1462735
1462783
1463011
1463058
1463139
1463259
1463260
1463341
1463474
1463730
1463815
1463871
1463875
1463881
1463903
1463905
1463910
1463917
1464006
1464010
1464153
1464550
1464952
1464971
1464989
1465044
1465053
1465078
1465134
1465164
1465188
1465203
1465423
1465729
1465742
1465785
1465942
1465944
1466049
1466085
1466119
1466334
1466335
1466625
1466628
1466680
1466849
1466891
1467018
1467019
1467030
1467134
1467207
1467347
1467430
1467715
1467800
1467803
1467805
1467824
1467827
1467901
1467992
1468171
1468180
1468184
1468286
1468288
1468304
1468421
1468469
1468580
1468604
1468726
1468832
1468914
1468985
1468999
1469082
1469157
1469184
1469252
1469302
1469340
1469743
1469744
1469745
1469746
1469747
1469755
1469791
1469794
1469828
1469913
1470109
1470127
1470138
1470172
1470287
1470317
1470370
1470378
1470435
1470916
1471042
1471550
1471673
1472229
1472248
1472260
1472263
1472346
1472457
1472480
1472637
1472667
1472891
1472945
1472961
1472997
1473060
1473062
1473094
1473095
1473272
1473349
1473499
1473501
1473550
1473592
1473648
1473749
1473823
1473904
1473926
1473960
1474125
1474156
1474320
1474495
1474666
1474678
1474715
1475199
1475427
1475439
1475504
1475575
1475615
1475741
1475745
1475753
1475766
1475767
1475806
1475807
1476067
1476269
1476271
1476408
1476410
1477043
1477057
1477103
1477133
1477135
1477139
1477148
1477149
1477225
1477246
1477272
1477283
1477286
1477289
1477372
1477558
1477561
1477562
1477565
1477637
1477640
1477642
1477655
1477705
1477706
1477736
1477738
1477760
1478070
1478077
1478078
1478079
1478082
1478085
1478143
1478144
1478177
1478441
1478450
1478529
1478551
1478638
1478900
1478947
1478967
1478981
1478984
1479076
1479079
1479136
1479158
1479173
1479288
1479306
1479330
1479331
1479391
1479440
1479442
1479444
1479445
1479640
1479650
1479655
1479826
1480261
1480527
1480809
1480873
1480979
1481016
1481095
1481170
1481175
1481189
1481213
1481307
1481378
1481488
1481527
1481530
1481817
1481824
1481946
1482146
1482150
1482275
1482297
1482427
1482474
1482482
1482600
1482633
1482694
1482699
1482717
1482734
1482735
1482736
1482788
1482848
1483206
1483853
1483876
1484013
1484014
1484073
1484103
1484135
1484147
1484152
1484166
1484191
1484210
1484220
1484707
1484829
1485055
1485087
1485139
1485140
1485153
1486162
1486163
1486403
1486427
1486520
1486527
1486528
1486762
1486768
1486781
1486794
1486868
1486913
1487587
1487601
1488062
1488066
1488147
1488164
1488178
1488210
1488212
1488226
1488229
1488265
1488360
1488399
1488411
1488552
1488554
1488613
1488614
1488772
1488978
1489052
1489119
1489178
1489317
1489354
1489387
1489391
1489394
1489447
1489465
1489478
1489493
1489503
1489510
1489511
1489648
1489728
1489729
1489891
1489979
1490025
1490086
1490115
1490294
1490524
1490707
1490708
1490709
1490920
1491049
1491050
1491051
1491052
1491326
1491330
1491395
1491464
1491465
1491467
1491614
1491617
1491787
1491790
1493054
1493082
1493131
1493193
1493200
1493202
1493242
1493245
1493335
1493432
1493482
1493487
1493513
1493515
1493516
1493518
1493520
1493570
1493573
1493624
1493883
1493899
1493917
1493948
1493957
1494032
1494118
1494126
1494172
1494176
1494202
1494275
1494406
1494575
1494643
1494654
1494819
1494844
1494876
1494943
1494996
1495078
1495086
1495115
1495283
1495362
1495409
1495434
1495451
1495505
1495512
1495534
1495577
1495623
1495624
1495638
1495657
1495746
1495860
1495884
1495919
1496026
1496523
1496642
1496742
1496772
1496805
1496825
1496839
1496853
1496903
1497018
1497079
1497095
1497193
1497207
1497209
1497214
1497230
1497233
1497396
1497419
1497507
1497646
1497883
1498015
1498036
1498059
1498068
1498075
1498114
1498200
1498314
1498404
1498421
1498468
1498496
1498546
1498602
1498634
1498646
1498658
1498682
1498782
1498993
1499145
1499159
1499204
1499252
1499306
1499313
1499879
1499883
1499896
1499918
1499920
1499967
1499972
1499975
1499984
1500101
1500194
1500221
1500466
1500468
1500595
1500844
1500845
1500850
1500851
1500858
1500873
1500875
1500897
1501021
1501125
1501147
1501154
1501188
1501382
1501413
1501718
1501727
1501758
1501836
1501838
1501880
1501920
1501921
1502147
1502158
1502388
1502834
1502894
1503122
1503136
1503170
1503258
1503352
1503357
1503380
1503399
1503430
1503549
1503551
1503580
1503643
1503645
1503675
1503689
1503817
1503873
1504033
1504064
1504183
1504198
1504231
1504257
1504348
1504371
1504380
1504442
1504445
1504510
1504696
1504729
1504976
1505634
1505913
1506635
1506699
1506709
1506742
1506795
1506816
1506831
1506854
1506985
1506987
1507004
1507149
1507173
1507819
1507859
1507860
1507862
1508073
1508181
1508183
1508197
1508258
1508352
1508356
1508359
1508364
1508463
1508511
1508550
1508697
1508713
1508719
1508965
1509003
1509063
1509094
1509157
1509234
1509261
1509340
1509341
1509362
1509451
1509477
1509501
1509526
1509590
1509639
1509833
1509847
1510001
1510007
1510061
1510123
1510426
1510434
1510437
1510457
1510486
1510537
1510560
1510573
1510613
1510696
1510714
1510799
1510801
1510966
1511160
1511161
1511164
1511165
1511166
1511169
1511173
1511232
1511233
1511263
1511283
1511367
1511429
1511476
1511682
1511717
1511719
1511761
1511918
1511972
1512068
1512150
1512477
1512670
1512746
1512782
1512791
1512792
1512814
1512910
1512917
1512920
1513079
1513305
1513326
1513345
1513421
1513428
1513485
1513615
1513649
1513814
1513893
1513943
1514018
1514035
1514061
1514077
1514113
1514190
1514267
1514313
1514339
1514444
1514451
1514538
1514540
1514591
1514703
1514750
1514806
1514808
1514955
1515060
1515065
1515098
1515431
1515485
1515537
1515545
1515562
1515599
1515715
1515716
1515805
1515925
1516100
1516135
1516741
1516844
1517000
1517001
1517033
1517054
1517058
1517074
1517140
1517181
1517230
1517269
1517297
1517303
1517371
1517403
1517486
1517545
1517549
1517570
1517574
1517782
1517875
1517989
1518035
1518047
1518077
1518298
1518416
1518418
1518497
1518588
1518713
1518876
1518903
1518964
1518975
1518976
1519041
1519091
1519177
1519180
1519198
1519233
1519248
1519276
1519381
1519479
1519536
1519644
1519654
1519655
1519667
1519699
1519782
1520074
1520193
1520589
1520590
1520672
1520721
1520748
1520766
1520812
1520939
1521137
1521191
1521233
1521250
1521329
1521571
1521573
1521575
1521585
1521713
1521818
1521971
1522016
1522022
1522041
1522162
1522219
1522229
1522270
1522466
1522655
1522657
1522680
1522689
1522728
1522740
1522819
1523103
1523104
1523174
1523216
1523312
1523330
1523339
1523504
1523518
1523612
1523687
1523695
1523705
1523843
1523956
1524142
1524144
1524251
1524349
1524462
1524496
1524510
1524540
1524577
1524651
1524724
1524764
1524860
1524981
1525094
1525137
1525341
1525462
1525530
1525531
1525604
1525675
1525689
1525753
1525764
1525788
1525866
1525895
1526068
1526139
1526168
1526193
1526220
1526276
1527023
1527592
1527823
1527845
1527851
1528253
1528922
1529761
1529900
1529999
1530125
1530211
1530214
1530217
1530271
1530350
1530925
1531179
1531226
1531235
1531279
1531371
1531384
1531394
1531447
1531577
1531600
1531681
1531758
1531769
1531805
1531825
1531827
1531846
1531856
1531942
1531947
1531958
1532001
1532064
1532082
1532126
1532140
1532168
1532404
1532411
1532413
1532417
1532539
1532731
1532767
1532828
1533073
1533075
1533085
1533088
1533234
1533237
1533389
1533474
1533491
1533562
1533782
1533783
1533869
1533890
1533892
1534006
1534009
1534159
1534167
1534314
1534335
1534421
1534447
1534486
1534492
1534507
1534726
1534727
1534728
1534742
1534777
1534779
1534869
1534871
1534926
1535049
1535137
1535182
1535441
1535608
1535968
1536401
1536669
1536692
1536730
1536867
1536895
1537037
1537063
1537089
1537092
1537197
1537199
1537251
1537272
1537335
1537398
1537444
1537485
1537520
1537543
1537604
1537822
1537855
1537957
1537958
1537976
1538136
1538190
1538226
1538242
1538272
1538310
1538325
1538329
1538330
1538335
1538337
1538338
1538342
1538347
1538349
1538352
1538386
1538408
1538457
1538477
1538478
1538484
1538505
1538528
1538556
1538607
1538642
1538647
1538757
1538772
1538782
1539172
1539317
1539358
1539384
1539428
1539461
1539501
1539518
1539525
1539583
1539632
1539634
1539653
1539678
1539695
1539714
1539746
1539762
1539774
1539775
1539996
1539997
1540040
1540089
1540103
1540152
1540153
1540164
1540185
1540208
1540210
1540227
1540269
1540286
1540288
1540320
1540333
1540340
1540396
1540413
1540421
1540474
1540532
1540570
1540591
1540666
1540800
1541175
1541176
1541177
1541180
1541254
1541255
1541256
1541259
1541282
1541284
1541374
1541375
1541376
1541447
1541453
1541467
1541469
1541487
1541508
1541521
1541573
1541598
1541799
1541813
1541819
1541853
1541855
1541894
1541896
1541941
1541942
1541980
1541982
1541983
1541992
1542046
1542108
1542262
1542344
1542402
1542409
1542517
1542518
1542549
1542683
1542803
1542904
1543010
1543017
1543046
1543062
1543063
1543148
1543187
1543231
1543296
1543359
1543360
1543370
1543402
1543424
1543450
1543455
1543471
1543480
1543523
1543544
1543591
1543621
1543740
1543749
1543751
1543791
1543808
1543868
1544131
1544150
1545694
1545791
1545798
1545799
1545816
1545855
1545863
1545865
1545905
1545907
1545975
1545982
1545986
1545990
1546069
1546070
1546263
1546313
1546317
1546321
1546327
1546340
1546405
1546406
1546408
1546409
1546442
1546443
1546547
1546548
1546576
1546591
1546603
1546613
1546698
1546853
1546914
1547105
1547124
1547176
1547182
1547210
1547256
1547276
1547349
1547514
1547612
1547697
1547698
1547699
1547702
1547708
1547724
1547725
1548133
1548175
1548233
1548234
1548235
1548244
1548274
1548275
1548311
1548353
1548389
1548554
1548608
1548904
1549143
1549278
1549282
1549287
1549295
1549311
1549418
1549493
1549527
1549557
1549607
1549622
1549625
1549688
1549705
1549737
1549763
1549891
1549893
1550115
1550144
1550167
1550273
1550275
1550276
1550282
1550290
1550336
1550462
1550464
1550517
1550544
1550588
1550614
1550654
1550658
1550706
1550729
1550744
1550745
1550826
1550842
1550848
1550854
1550867
1550880
1550882
1550893
1550913
1550916
1551015
1551039
1551080
1551081
1551082
1551150
1551509
1551512
1551554
1551571
1551698
1551723
1551749
1551828
1551853
1551855
1551857
1551864
1551867
1551912
1551934
1551993
1552037
1552180
1552184
1552228
1552234
1552239
1552262
1552407
1552410
1552445
1552451
1552452
1552453
1552470
1552471
1552473
1552480
1552535
1552545
1552565
1552667
1552734
1552739
1552784
1552924
1552978
1553140
1553154
1553342
1553391
1553473
1553596
1553602
1553644
1553668
1553669
1553694
1553747
1553749
1553763
1553824
1553825
1553830
1553835
1553854
1553934
1553935
1554007
1554031
1554091
1554110
1554111
1554146
1554149
1554150
1554160
1554163
1554165
1554215
1554219
1554255
1554315
1554317
1554333
1554342
1554357
1554458
1554504
1554695
1554697
1554720
1554837
1554838
1554848
1554849
1554873
1554926
1554927
1554928
1555097
1555120
1555123
1555130
1555223
1555227
1555241
1555266
1555349
1555476
1555493
1555502
1555548
1555609
1555649
1555842
1555845
1555846
1555852
1555888
1555894
1555897
1555914
1555945
1555957
1556001
1556026
1556066
1556083
1556143
1556149
1556160
1556208
1556216
1556291
1556335
1556373
1556749
1557973
1557980
1558126
1558165
1558276
1558356
1558421
1558504
1558515
1558608
1558731
1558754
1558841
1558854
1558855
1558897
1558915
1559004
1559129
1559135
1559205
1559207
1559210
1559216
1559225
1559230
1559260
1559278
1559289
1559311
1559332
1559333
1559349
1559350
1559366
1559375
1559447
1559501
1559503
1559552
1559730
1559732
1559734
1559738
1559810
1559811
1559992
1560014
1560085
1560180
1560328
1560329
1560354
1560371
1560376
1560586
1560587
1560588
1560589
1560627
1560644
1560726
1560827
1560844
1560949
1560995
1560999
1561190
1561222
1561314
1561328
1561395
1561424
1561636
1561646
1562118
1562345
1562361
1562557
1562577
1562585
1562644
1562657
1562664
1562754
1562773
1562896
1562900
1562902
1563025
1563026
1563061
1563297
1563299
1563301
1563304
1563393
1563417
1563424
1563490
1563532
1563533
1563557
1563589
1563607
1563615
1563662
1563729
1563739
1563784
1564003
1564008
1564015
1564173
1564179
1564417
1564426
1564428
1564553
1564608
1564750
1564852
1564896
1564957
1564960
1565097
1565150
1565160
1565165
1565227
1565228
1565253
1565293
1565368
1565396
1565399
1565434
1565437
1565462
1565473
1565524
1565528
1565541
1565617
1565621
1565694
1565839
1565884
1565905
1565959
1565960
1566007
1566030
1566085
1566086
1566090
1566334
1566340
1566351
1566430
1566451
1566739
1567196
1567381
1567407
1567416
1567417
1567419
1567422
1567472
1567533
1567582
1567656
1567657
1567729
1567731
1567758
1567797
1567863
1567864
1567954
1567979
1568016
1568017
1568115
1568119
1568132
1568138
1568185
1568215
1568252
1568258
1568264
1568287
1568299
1568327
1568415
1568449
1568460
1568461
1568468
1568492
1568495
1568634
1568852
1569210
1569284
1569319
1569388
1569414
1569416
1569422
1569429
1569478
1569480
1569528
1569530
1569593
1569653
1569688
1569774
1569794
1569795
1569819
1569879
1570029
1570037
1570106
1570221
1570268
1570277
1570309
1570419
1570445
1570473
1570493
1570505
1570510
1570511
1571920
1571956
1571957
1571966
1572067
1572068
1572252
1572366
1572568
1572721
1572747
1572819
1572917
1572955
1573039
1573210
1573250
1573279
1573289
1573292
1573330
1573396
1573446
1573576
1573637
1573644
1573730
1573784
1573868
1573955
1573965
1574122
1574146
1574158
1574424
1574509
1574515
1574664
1574786
1575188
1575517
1575583
1575635
1576159
1576290
1576291
1576299
1576350
1576414
1576659
1576695
1576826
1576827
1576829
1576911
1576912
1576963
1576965
1576981
1577038
1577088
1577281
1577363
1577367
1577434
1577728
1577734
1578280
1578354
1578564
1578595
1578604
1578787
1578812
1578880
1578962
1579035
1579066
1579088
1579115
1579232
1579394
1579445
1579556
1579598
1579633
1579693
1579832
1579943
1580008
1580082
1580088
1580214
1580266
1580273
1580428
1580497
1580529
1580589
1580653
1580699
1580701
1580713
1580771
1580988
1580995
1581003
1581006
1581007
1581348
1581821
1581901
1582022
1582023
1582114
1582118
1582119
1582172
1582249
1582378
1582497
1582724
1582727
1582728
1582745
1582793
1582796
1582912
1582926
1582940
1583026
1583107
1583402
1583408
1583544
1583547
1583582
1583811
1583892
1583902
1583943
1583945
1583956
1583989
1584035
1584101
1584122
1584160
1584213
1584233
1584254
1584262
1584275
1584284
1584333
1584334
1584336
1584337
1584339
1584344
1584353
1584427
1584460
1584498
1584503
1584552
1584555
1584665
1584767
1584768
1584911
1584936
1585261
1585265
1585336
1585501
1585506
1585609
1585795
1585828
1585953
1585956
1585957
1585960
1585964
1585966
1586062
1586065
1586137
1586224
1586476
1586526
1586528
1586604
1586637
1586672
1586730
1586761
1586768
1586803
1586865
1586869
1586889
1586933
1587022
1587144
1587221
1587347
1587352
1587360
1587856
1587857
1587859
1587860
1588065
1588116
1588225
1588306
1588333
1588504
1588551
1588628
1588790
1588900
1588904
1588968
1589067
1589087
1589129
1589131
1589418
1589419
1589570
1589594
1589602
1589763
1589854
1589855
1589913
1589914
1589935
1591184
1591193
1591197
1591209
1591212
1591218
1591332
1591428
1591549
1591781
1591785
1591812
1591909
1592176
1592409
1592486
1592549
1592567
1592591
1592683
1592838
1592855
1592936
1592940
1592943
1592950
1593099
1593197
1593320
1593388
1593441
1593598
1593613
1593730
1593745
1593842
1593846
1593896
1594057
1594058
1594106
1594116
1594117
1594288
1594289
1594293
1594357
1594386
1594978
1595266
1595341
1595457
1595703
1595709
1595759
1595787
1595789
1595791
1595858
1596160
1596163
1596193
1596284
1596297
1596375
1596377
1596378
1596385
1596417
1596419
1596421
1596425
1596426
1596429
1596432
1596433
1596547
1596560
1596613
1596699
1596700
1596786
1596805
1596845
1597006
1597152
1597153
1597155
1597161
1597170
1597319
1597359
1597586
1598038
1598042
1598076
1598242
1598256
1598275
1598315
1598324
1598408
1598477
1598519
1598523
1598585
1598835
1598837
1598840
1598931
1598932
1598933
1598939
1598982
1598997
1599190
1599229
1599311
1599438
1599520
1599580
1599668
1599743
1599759
1599824
1599844
1599903
1599912
1600061
1600136
1600176
1600259
1600262
1600265
1600612
1600626
1600628
1600632
1600673
1600686
1600701
1600736
1600791
1600854
1601049
1601052
1601282
1601390
1601607
1601693
1601786
1602007
1602139
1602347
1602368
1602432
1602481
1602496
1602514
1602527
1602537
1602697
1602873
1603017
1603097
1603192
1603323
1603326
1603363
1603370
1603454
1603547
1603569
1603575
1603580
1603610
1603645
1603650
1603687
1603736
1603754
1603819
1603821
1603867
1603878
1603882
1603948
1603958
1603961
1604018
1604194
1604264
1604359
1604365
1604466
1604557
1604672
1604982
1605204
1605216
1605222
1605245
1605422
1605499
1605607
1605706
1605712
1605716
1605723
1605787
1605798
1605800
1605831
1605895
1605910
1605938
1606031
1606045
1606148
1606310
1606631
1606635
1606749
1606773
1606792
1606819
1606853
1606901
1606940
1606941
1607309
1607406
1607432
1607447
1607458
1607594
1607596
1607736
1608097
1608098
1608159
1608160
1608332
1608795
1608803
1608999
1609032
1609114
1609200
1609212
1609228
1609256
1609312
1609462
1609467
1609505
1609649
1610131
1610138
1610157
1610185
1610203
1610219
1610270
1610273
1610309
1610350
1610389
1610400
1610436
1610517
1610559
1610568
1610589
1610692
1610712
1611493
1612093
1612214
1612294
1612490
1612530
1612601
1612610
1612861
1613130
1613184
1613262
1613530
1613639
1613644
1613696
1613814
1613821
1613836
1613852
1614563
1614788
1614913
1614942
1615044
1615045
1615046
1615054
1615060
1615206
1615227
1615229
1615274
1615283
1615310
1615373
1615374
1615402
1615515
1615527
1615534
1615617
1615807
1615909
1615918
1616088
1616343
1616344
1616693
1616700
1616716
1616780
1616808
1616823
1616916
1617158
1617289
1617461
1617480
1617491
1617685
1617686
1617687
1617688
1617689
1617752
1617756
1617760
1617777
1617791
1617844
1617852
1617968
1617969
1617981
1617987
1618086
1618268
1618325
1618337
1618415
1618612
1618618
1618653
1618946
1619682
1619686
1619738
1619860
1619865
1620218
1620253
1620285
1620403
1620457
1620474
1620575
1620602
1620611
1620616
1620621
1620700
1620711
1620722
1620762
1620840
1620947
1620975
1621064
1621113
1621172
1621185
1621267
1621327
1621424
1621454
1621606
1621633
1621646
1622116
1622164
1622165
1622327
1622348
1622357
1622358
1622359
1622365
1622368
1622382
1622401
1622650
1622949
1622967
1623159
1623160
1623162
1623179
1623191
1623204
1623422
1623463
1623492
1623506
1623507
1623533
1623534
1623876
1624029
1624036
1624047
1624052
1624295
1624688
1624691
1624958
1624971
1624983
1625027
1625132
1625227
1625284
1625338
1625355
1625431
1625481
1625495
1625645
1625654
1625663
1625672
1625757
1625776
1625816
1625824
1625852
1625870
1626043
1626070
1626092
1626100
1626140
1626343
1626390
1626464
1626474
1626478
1626502
1626524
1626533
1626541
1626564
1626638
1626651
1626689
1626765
1626916
1626920
1626923
1626975
1627069
1627109
1627296
1627297
1627413
1627414
1627416
1627418
1627422
1627478
1627519
1627572
1627598
1627708
1627716
1627737
1627968
1628164
1628167
1628338
1628343
1628459
1628587
1628606
1628619
1629005
1629126
1629314
1629399
1629463
1629502
1629531
1629602
1629622
1629665
1629901
1629916
1629934
1630032
1630126
1630312
1630554
1630681
1630683
1630686
1631150
1631152
1631442
1631467
1631531
1631659
1631741
1631758
1631829
1631843
1632797
1633018
1633064
1633099
1633102
1633103
1633135
1633320
1633354
1633448
1633953
1633961
1634122
1634269
1634284
1635606
1635607
1635665
1635737
1635876
1635891
1636076
1636188
1636231
1636338
1636356
1636590
1636842
1636930
1636934
1636996
1637079
1637275
1637418
1637425
1637561
1637634
1637639
1637643
1637663
1637668
1637671
1637691
1637736
1637740
1637874
1637950
1637967
1638087
1638129
1638136
1638151
1638749
1638787
1639034
1639054
1639191
1639498
1639540
1639547
1639554
1639555
1639581
1639625
1639668
1639769
1639968
1640174
1640223
1640331
1640336
1640337
1640488
1640489
1640677
1640835
1640888
1640947
1641631
1641633
1641975
1642030
1642368
1642370
1642373
1642510
1642590
1642819
1642998
1643119
1643311
1643339
1643353
1643360
1643413
1643629
1643685
1643991
1644275
1644276
1644277
1644279
1644281
1644286
1644325
1644356
1644367
1644430
1644564
1644569
1644571
1644572
1644574
1644594
1644643
1644644
1644701
1644786
1644787
1644803
1644979
1645011
1645100
1645101
1645395
1645467
1645476
1645483
1645557
1645559
1645579
1645730
1645812
1645851
1645869
1645873
1646161
1646169
1646353
1646620
1646806
1646954
1647350
1647535
1647713
1647777
1647927
1648162
1648270
1648305
1648448
1648457
1648511
1648572
1648584
1648791
1648794
1648797
1648804
1648912
1648918
1649021
1649086
1649096
1649224
1649271
1649299
1649310
1649317
1649335
1649369
1649371
1649377
1649380
1649385
1649387
1649404
1649504
1649532
1649557
1649621
1649657
1649738
1649749
1649836
1649954
1650027
1650164
1650232
1650349
1650420
1650482
1650527
1650651
1650678
1650823
1650846
1650854
1650855
1650874
1651069
1651076
1651122
1651131
1651243
1651245
1651393
1651749
1651776
1652241
1652269
1652278
1652281
1652490
1652536
1652542
1652660
1652686
1652690
1652986
1653210
1653767
1653769
1653810
1653987
1654058
1654104
1654334
1654404
1654409
1654462
1654727
1654729
1654740
1654766
1654844
1654988
1654991
1655064
1655207
1655233
1655284
1655473
1655712
1656022
1656271
1656276
1656280
1656331
1656615
1656616
1656629
1656760
1656768
1656776
1656780
1656849
1656852
1656875
1656882
1656935
1657021
1657266
1657272
1657273
1657338
1657339
1657446
1657473
1657523
1657595
1657658
1657674
1657679
1658452
1658853
