
1568119
1568132
1562773
1568138
1379209
1568185
698964
1562896
1564750
1562900
1562902
1568215
1569879
1568252
1247728
1568258
1562118
1568264
1358803
1361153
1564852
1568287
1568299
1568327
1564896
703949
1563025
711973
1563026
1562345
1563061
1562361
1564957
1564960
1565227
712779
1565228
1563557
736095
1563424
1563532
1563533
1563662
1568415
1565253
1565399
1565396
1568449
1568460
1568461
1563589
1563729
1563739
1568468
1568492
1568495
1563784
1563490
1565434
1565437
1565293
1563393
1563607
1563615
1570029
1564008
1564003
1568634
1563417
1565462
1564015
1570037
1565473
1565097
1564179
1564173
1565368
1565150
1564417
1564426
700365
1562557
1564428
1565160
1565524
1565528
1565165
1562577
1563297
1563299
1563301
1565541
1563304
1562585
1570106
1568852
1564608
1562644
1565617
704813
1562657
1565621
1562664
1358982
1565694
1562754
1570221
1573039
1359773
1572955
1573210
1565839
750844
750853
1565884
1565905
1565960
1565959
750951
1566007
1570268
1566030
1566085
1566086
1569210
1566090
1570277
1423311
1440805
1424369
1566334
1569284
1566340
1570309
1566351
1435284
1435266
944162
1569319
1571956
1571957
1572819
1247299
1339449
1338054
1246868
1351727
1566430
1340798
1351574
1076932
1428277
1072512
1566451
1424362
953450
1334715
957058
1083214
1349590
1569388
1566739
1040176
1440306
1438561
1572721
1572917
1569414
1569416
1569422
1435720
1426214
1417367
1429064
1569478
1570419
1569480
1572747
1569528
1569530
1567196
1357270
1570445
1572067
1422181
1432045
1423806
1572068
1438100
1440225
1415667
1569593
1570473
1443042
1442871
1432329
1443043
1442869
1570493
757200
754658
752203
754661
1569653
1567381
1572252
1567407
1569688
1567416
1442917
1567417
1567472
1567419
1359575
1567422
1431296
1423811
1430699
1440570
1570505
1570510
1570511
1567533
1426254
1567656
1569774
1567657
1567582
1360889
1360890
1442938
1572366
1423418
1403951
1174302
1569794
1569795
1359841
752630
1567729
1567731
1567758
1407972
1411617
1567797
1099144
1567863
1567864
1360568
1567954
755197
1567979
1568017
1569819
1568115
753383
1575517
1577038
1577363
1573250
1576414
1573279
758451
758454
758492
1573289
1577728
1577734
1573292
1573330
1575583
758764
1573396
1573446
1575635
1576659
1350873
1445181
1573576
759098
1576695
1573637
869544
1573644
869415
1306219
1319907
1573730
1573784
752439
759417
1573868
869416
1577088
869177
869414
1573955
759674
759680
755596
1573965
759683
1576826
1576827
759841
748508
1574122
1574146
1248070
1183651
760040
752680
1444476
1443812
867304
751681
757079
1574424
1576159
1177465
1444893
1445450
1446481
1445228
1174810
1576911
1444492
1576912
1443069
1574509
1574515
941907
721231
735028
757304
753845
756736
756738
1574664
1443202
755088
755089
1443235
1574786
1444952
1443371
1443377
754560
1576290
1576291
728223
1444125
1444126
1576299
1444722
1576963
1576965
1575188
1443589
1444746
1443592
1576981
759922
760188
1576350
1444779
1445103
722575
1434824
1302030
1577281
746446
742952
754716
753686
1584339
1584460
1584498
1584665
1584768
770302
717108
701097
1578280
1455823
1447109
1461564
748887
746469
1121162
756393
1447154
743685
1120617
1578354
1120967
1451695
1447189
1451701
697435
1454248
714472
1382919
1380487
1383979
1460893
748905
729589
757174
1451764
694048
1361073
1358725
1357357
1456917
1459118
1329774
751786
711279
757080
757842
1459121
723759
717574
711297
743767
753843
770378
738352
758713
748889
751454
694145
694150
708017
1581821
694689
708022
1578564
738391
1584213
1584160
749006
1583943
760573
743851
1451931
1578595
716633
729733
1583945
1578604
694229
1584344
1581901
697697
732709
1451995
1583956
1452035
1117684
1380502
1383510
1111753
754799
1380505
732717
1584233
1447643
697781
1447646
1447647
1582023
1578787
1460903
1584101
1452103
767846
1381917
1354781
694035
1371678
1344522
1359783
708154
701411
1359505
1578812
1571920
1447703
1120968
1118435
1121172
1120973
1121102
735600
741344
738469
735601
758452
741360
713884
713038
711522
717825
767898
711529
770565
770572
738502
741380
1578962
726910
726912
717876
743977
743978
726924
1359229
1350040
711579
746701
1357943
741416
704935
749101
726943
1335018
741429
1244770
698050
749116
704958
704959
717937
694524
1344309
738583
1231229
1243418
754971
729915
1579035
735744
752792
1348495
757077
1448048
1448049
694571
711674
1460259
770689
729947
708393
735823
1380529
1579088
705052
696622
738665
749192
749203
1112508
1382036
738693
1457004
1383826
1579115
738702
711784
1457012
738703
1448197
744155
738712
698315
1380563
746908
746910
744187
730065
721346
694762
1115197
727200
727199
714963
735993
724290
694787
694789
711863
754862
1361178
754994
1350205
762730
756596
727249
749265
738811
770846
736041
753248
757277
759297
770380
701986
738101
1456053
737038
724351
741623
733184
698480
746996
765166
698482
761383
765165
705294
741642
730185
747012
730186
1579232
736126
749329
733217
694910
749335
730204
1582114
1582118
770916
715148
702080
733252
770931
718311
770934
715183
1454568
1582119
698582
1112716
718336
1119397
1120195
741722
741725
718372
718374
705457
712098
698638
1579445
695054
721606
1456100
1456101
749445
1582172
1460468
718444
718445
741807
1579394
712184
712185
736302
741817
715330
744521
744523
715338
1457110
744527
718476
741835
691593
739078
747231
1248083
733449
733450
965631
765491
695161
761694
718520
724621
724622
984034
983611
702329
733478
718551
702347
718562
1383618
1579556
709068
721781
741927
727641
709079
705687
1579598
705717
698909
698910
765582
761838
978008
715534
1583402
695289
1117052
1582249
709138
1579633
715547
709140
739253
739255
698953
698954
742001
724767
966361
1460933
1457833
1361562
733666
1579693
1382333
1380866
1361571
712491
727788
727792
709216
709218
699022
1583811
695393
730670
981716
705877
736636
702566
702570
749778
972473
724895
972486
695458
969956
727879
1308741
1584254
739437
739438
699128
742176
742177
1583989
742179
733837
736723
718870
1579832
1383203
706003
1383206
699165
749842
1383687
1582378
744965
744969
765912
747561
744975
974201
742253
733897
712682
749870
1584353
712687
749873
724995
1453044
706057
702711
745000
739540
739542
715839
706080
718943
749903
1453073
739583
695606
712729
725037
718968
702764
702774
709492
1584262
739620
1579943
742343
768964
766054
712777
695656
1454967
1449357
701463
702810
967060
1453147
967079
692263
1117167
1120079
699378
739646
1584275
1362290
1584427
1580008
1582497
1457247
1458903
742384
747678
1456324
706260
979593
1458908
1584333
1459276
1460950
717550
712877
1459892
1583408
739665
706281
742404
769069
739687
1455098
734055
702941
1580082
739705
769089
736938
1580088
706322
712941
742473
695855
699535
695867
695868
747753
706351
728224
736988
716124
722328
734132
699573
699577
709749
728264
722344
982335
728275
1458487
709775
739810
737045
703105
709790
747837
1453361
766334
716199
734198
719478
692567
731141
695984
695985
747851
734207
769212
760960
766110
768989
728350
750189
750191
731161
974517
750192
758161
713099
713101
753622
753761
767600
742616
750949
753083
753095
753129
734266
739894
769257
757017
747897
747898
742640
753804
757665
759570
703219
742642
728399
696045
728405
769268
745374
713170
722505
722507
1115931
747943
1115933
1115934
1115936
1115937
692742
737230
1115938
765549
734332
709936
747962
692756
1580214
745434
745435
970677
713214
1115958
762732
713236
762734
725481
766528
1580266
769352
719677
742769
766548
742777
713282
1115997
713286
750373
1449936
754688
1580273
754061
1453531
766590
1456510
742831
745563
710058
1584503
748071
752181
728586
752274
765231
696263
696264
710080
762835
762836
742865
750422
740098
716489
752273
710097
1582724
1582727
981416
722705
766652
978754
731472
750446
716511
716512
1453572
713395
1580428
740150
742923
737440
745692
731511
731512
1584552
769497
745698
706832
716566
754865
725677
1584555
1582728
722805
1114091
1381387
1580497
1582745
710205
753249
761269
769344
710213
734602
719909
703688
1457387
1583544
1580529
748235
748236
722857
1383325
1453625
971041
981446
725752
981448
703733
740266
1580589
696461
1382580
740286
693245
1582793
1582796
748307
720010
716720
740311
1460534
716733
734726
734727
725859
1580653
724155
696545
735963
1460835
734181
696562
693343
720081
740390
740391
720088
696583
1580699
1580701
766952
1580713
745945
723027
723875
725940
720141
703947
703948
1381514
1383724
769729
707144
700425
707145
707146
1450637
728974
1455544
700440
1580771
747679
700452
720193
720194
1353616
1358987
1383353
1383729
745948
1379729
734811
737752
737753
732840
737756
746000
713854
734868
980053
727658
728476
723457
713879
980755
1455583
767078
1359453
1453778
743008
720245
734890
734892
710572
734894
710599
730482
726070
723164
767088
693563
707283
746061
720283
1382675
743288
743289
723200
743290
743291
713860
1582912
704038
743316
1459350
737885
1381644
1460372
729134
696873
1381647
1582926
726158
748553
720349
704159
1381654
697242
702809
709947
720009
754748
714019
698823
730690
743346
723272
743348
720372
704185
1381677
1580988
693728
1580995
1582940
711673
729206
700678
693727
700682
1581003
1581006
1458659
1581007
1459041
975415
704226
737964
1450980
740761
743396
1584767
740762
693753
743398
743407
1118572
700721
748647
769926
757085
1457505
1455695
1454032
1455698
769957
1382745
748648
714132
693797
723667
1454060
723372
723125
710846
729588
751965
723384
755039
1583026
1454075
710858
1381740
770017
767327
714193
743460
748689
1239010
1117468
975595
971857
729335
746273
700837
704376
720565
756740
760013
1454134
738099
1381770
732352
1460216
732353
1583547
1584035
1583892
1584122
1584284
726420
726421
1584334
726422
738118
726423
1381783
714280
1581348
723522
1583107
1583902
1584336
1584337
753926
759708
1380336
726463
732396
738155
746364
726472
729447
743581
1382803
1583582
700968
704507
732421
751453
743603
754437
770204
711081
767512
732443
714378
973903
741095
979183
760287
741105
714406
1126197
777210
791834
818320
787291
1584911
782599
789504
1584936
803052
825088
863499
780084
805129
1390631
1390550
805130
780086
807168
855930
807169
836285
836287
820446
832152
997902
998596
763123
765548
769259
1588790
767439
769034
1390559
760624
766957
995257
767256
1390918
999291
770205
1387280
761323
767271
991096
999114
1387285
1384587
761836
996245
764451
761696
767596
763124
998348
1121475
767385
766611
763481
1384608
765125
765128
761271
761424
766589
768270
769985
770885
764824
762729
770382
763482
760955
767597
769487
767250
763499
769221
767413
739401
1032537
996299
798724
798725
834330
816143
789577
787377
800871
818423
782697
791938
782701
807244
809337
791946
1462241
834375
811449
858334
811455
848911
811459
1389578
830069
782734
805240
796577
785147
815284
780212
796791
706001
710790
712856
798809
715877
720140
820569
723175
725862
736579
746702
749002
771218
750195
820586
816237
777456
755916
758453
760178
826047
817114
761270
765171
768151
922855
776859
771256
788498
830154
785235
787552
818601
794379
777487
798862
801080
787560
807367
807378
805333
853906
998081
794404
836486
777516
726265
1585261
807429
803313
751682
771349
798908
798909
785286
776549
836514
794426
774637
1585265
1462386
777538
863021
861097
849089
807480
862037
861104
805400
830272
818719
785343
832495
796947
923571
777586
782943
854027
782944
782945
785374
1585336
801294
807559
830337
777614
856280
782972
849214
771549
811787
854096
782994
854098
809554
820906
807595
862202
797014
794550
849253
785424
814039
777652
807605
816521
809574
792260
783029
841505
818841
827636
820959
771637
818848
1387514
816555
1587856
814088
827671
785469
780527
785476
780542
785481
794620
1587857
787795
1587860
830452
1585501
1585506
816624
1388806
803553
809673
830478
777756
777758
1385045
825670
825673
1387542
825680
830500
823500
807736
816669
787862
821095
851879
785564
1385088
814267
814269
797234
787922
787926
803692
819009
809787
794784
991570
819030
819032
821211
797292
814347
844338
1585609
780742
805562
785655
788023
780756
780757
788024
841734
846840
852029
803771
835032
835033
807887
812107
812109
783297
812111
809865
813607
777975
792598
1385243
823113
785722
783325
1588900
993193
803833
985457
832999
852080
785743
844465
783350
837121
830747
807946
1588904
830753
772010
825891
801771
794919
792716
1388900
816968
790366
1588065
775182
805884
830788
797452
837295
797454
854696
832945
794961
809983
799426
799431
808011
821425
1121985
1390994
780956
844545
817032
788198
794993
1585828
856960
1585795
812277
814678
847297
792873
799490
819316
797559
852320
830997
792917
1588116
808104
790524
995682
824015
1387758
788294
833194
817128
1385557
817136
834749
838030
797602
808137
801981
772256
833214
835945
797619
835599
852445
792998
819403
824056
792999
773766
774379
773719
774119
773703
1585953
1589570
1390957
1126136
808169
1585956
1585957
779664
802016
1585960
808171
985804
779801
1385676
1585964
773697
786006
1585966
799635
795151
802039
781179
819437
781187
802052
786032
806125
1588225
781194
835338
781199
824107
795175
804141
842068
842069
1389756
814887
795186
837660
812465
831136
833310
864732
806184
833320
790714
793141
793142
833340
797748
854984
795241
1387870
1586062
1586065
1588968
776866
776729
804217
783812
795255
793176
1390210
786135
817355
772550
806244
783844
833379
1463139
1122280
783857
808337
833396
857328
799817
1588306
810337
788548
821771
795306
815055
810343
786180
804274
783884
824304
1586137
790817
1387934
852645
783890
786197
786198
808372
802240
1124219
833436
831254
819605
778637
795329
831261
835513
804299
802261
795345
806326
1589418
1588333
783929
783930
852710
781439
778682
828765
793295
815135
835549
824365
824366
795370
808437
802295
793308
989495
795382
1589419
795383
835565
804350
808465
806381
775838
799970
781492
1586224
784008
804381
837894
790930
772736
817513
772738
781510
775867
788691
1463259
845052
800010
790959
775888
821931
745762
1386198
804429
817555
808536
999647
999250
784096
784099
767253
767255
775939
775940
768150
764243
1386238
772848
778863
1589913
1589935
770553
763690
769258
1125134
781612
1463341
791049
763260
788800
1126162
1126532
772869
767386
768639
766963
763753
761587
766556
788806
837952
797998
828936
824476
842490
819783
817575
760712
835657
770936
804451
788818
798010
806479
824488
848162
777541
840249
824493
789322
776007
776010
781647
799484
821990
833619
791093
1386302
824511
819818
793534
804490
798044
781667
1589067
850451
850453
784206
804503
802465
848206
824531
1588504
1389192
864675
819848
822030
776089
781715
776090
986501
795964
786529
819856
817651
817652
793579
804554
804555
795990
835754
798112
795997
776147
776149
840375
781776
1586526
826656
1586476
845236
1586528
826659
773020
824591
1386425
835778
819902
1388188
810682
810683
850580
848330
1388191
819919
817713
831559
804607
779168
831561
804609
781819
800251
806654
1586637
779205
779206
806661
786680
829257
848361
822136
810740
840520
810747
781850
781860
808763
796095
986652
819969
798225
1586604
796110
833839
815590
848400
798236
819984
819986
773175
815610
857838
853127
804688
1586672
833868
813047
808818
802648
815633
791404
1589594
804713
786795
833893
824725
840660
857900
1586730
752272
772969
723112
855576
835943
789150
793836
786830
793837
793838
1586761
813109
789155
786835
824135
786836
808880
857938
786839
999411
786843
1586768
1589087
715878
721547
804774
789173
751845
758534
768906
789177
796298
1588551
786863
782059
796302
784802
779459
802740
1586803
813159
1463730
820115
784554
784555
791500
808935
804823
810983
782092
806862
791515
802770
833999
804843
817984
789238
1586865
834019
855706
808106
793927
754771
811030
809094
1586869
802693
811039
826950
773363
806920
698289
723669
694473
784622
800528
705381
784625
1586889
753076
759125
782161
762140
818039
784010
782168
992660
798449
776493
798451
798453
776497
822645
1463815
1586933
831901
1589763
1589854
1589914
826983
820227
1464153
1589602
1589855
1589129
1589131
1588628
1463871
1463875
1463881
1587022
1464550
800565
1386800
779673
1388416
1125338
1126186
1587144
1126072
789332
848662
818075
834106
791619
804938
811114
809058
815879
789345
845730
789347
802890
848677
796468
829719
824951
990525
809077
773684
773685
789373
848710
802919
809091
1113640
800628
776814
848714
851150
804990
1587221
840997
789391
813369
807045
1464006
839058
794048
809118
811188
811189
794053
834176
1123564
855840
809130
836196
809134
809136
838524
791738
841079
825025
1587347
779899
1587352
1387119
774117
807098
784922
1387124
789461
796585
774163
774164
774165
838544
777081
816028
807114
791796
807116
811259
805080
782574
699430
755565
757306
752978
770461
859825
859980
859866
860013
862727
863007
1029952
866640
870319
870570
870065
870369
869619
871998
871275
870727
872367
871237
872365
871478
873127
872589
873896
873911
873984
873543
873779
874193
874415
874483
874461
874755
875212
875299
875262
875706
874811
874728
876060
876340
877411
876780
877099
877152
877410
876963
1394930
878469
879331
877622
879235
1383833
980274
880140
880145
880231
880465
1462475
1451226
1457923
880672
1443823
1028898
881828
1396047
882116
1021202
1597586
1025906
1027556
1019303
1025515
1025516
1022151
1022152
1396074
1391215
1016601
1022687
1019327
870419
1001445
1001446
1449332
1450813
1455305
1460550
1015449
869221
842899
861958
861685
869669
833031
835751
862468
862347
869670
1233360
1257123
1250095
1258089
1255124
830269
866276
873795
881055
823179
835341
866504
834814
848363
861699
1391305
866753
851463
823396
832465
838363
868336
865846
844394
865048
825668
882486
880611
882774
882873
882852
883045
883529
883543
883545
884151
884166
884160
884603
884753
884910
885302
885422
885420
885630
1396177
886047
886327
1391378
1391380
886725
1019347
886749
886931
887691
1250141
1473904
1451762
1451332
1457551
888652
888651
889014
1591184
1600701
889059
889152
1003417
1254851
1250345
889912
889910
889940
890009
889941
890151
1591218
1001611
1591209
890304
1363836
1591197
1591212
1396247
890789
890742
891134
1391455
1396250
1396251
891625
891626
1396252
1015568
1124839
1135192
891966
1258102
1025962
1595266
892400
1146350
892624
892615
892767
1016664
892912
893147
1600136
893332
1252039
893546
1396315
893757
893740
893888
893890
894341
894363
894362
894432
894622
895320
895338
895446
1361074
895631
1001713
1591332
895909
1361710
1459233
896559
896611
1252060
896742
1396398
896942
1469082
897852
1353991
898223
898311
898312
898324
1449597
1595341
898528
898558
898705
898903
898974
899131
899686
1601282
899745
899746
1591428
900188
900296
900298
1600736
1600176
1003623
1359225
1456327
1322524
901251
1451403
901649
1289225
1132142
1022228
902512
902717
902790
903002
903068
1081798
903671
903731
1591549
903808
903865
903864
903974
904052
904249
1359607
904376
904338
904586
905015
905035
905232
905369
905370
1601390
959759
1599743
1248627
1280254
1391716
1289915
906916
907085
907505
907957
908002
908310
908321
1443013
1459117
1462512
1391760
908536
908561
908518
908583
908691
1595457
908772
716567
932359
755160
1591781
784140
1243980
1591785
909300
909321
1591812
909600
1391871
1461298
910144
1009477
910367
910994
911259
911556
1391910
822644
1005085
912205
912242
912318
1026731
912763
912912
913024
913159
913196
913459
1248147
1003888
1591909
913941
1012983
1454417
1456323
1462330
1453312
1003908
1008251
966439
1019445
1599759
915172
915170
996672
1600791
915780
915759
1016728
1261610
1080978
1116198
1124409
1395898
1392295
991531
982721
977834
1248222
1476067
1453149
1460356
1451103
916958
917265
917253
917258
917262
917354
917421
1600259
1600262
1600265
917935
918066
918360
918356
918355
1392049
1444102
1464010
919290
919611
1130611
920045
1285659
920377
920391
920373
914054
920425
920510
920760
920897
921504
1598038
921730
921744
921936
1598042
922144
922265
922198
1592176
922401
1016729
951280
1013000
922448
922471
922447
965397
922623
922813
917424
962367
923362
835865
986298
995188
970414
1392127
1453105
1446040
1452608
1458864
1462574
1455737
923578
923619
905094
924427
924923
924966
925226
1007139
925619
993513
997789
966337
985276
991243
1456870
1599824
1458027
1598076
980058
1469157
1599190
956335
926145
926546
926619
926670
926638
927063
967699
980438
1467347
1453631
1006014
962127
928368
928488
928528
1006015
1452096
928674
1464971
928715
929234
929227
1453239
929782
929963
1456928
930247
1452037
1473926
1459528
930416
1595703
930653
930756
930901
930978
931160
931167
931168
931180
1595709
931254
931209
931365
931394
931627
931626
1453195
931846
1599229
1400344
1469184
1464989
1601049
971134
932470
932476
932589
1130836
1152378
1148898
1381448
1387479
1599844
1600854
933048
933132
933153
933480
974177
913515
971131
979766
982762
996011
1388785
981025
1465044
1391896
1399169
1473272
1601052
1592409
992960
970503
983415
1392559
1392560
1474495
1595759
1360014
1013944
1014711
1016739
1400505
1392576
1358303
1467430
1400526
970146
979048
1469252
970024
970605
986573
987335
971223
965765
984688
1019491
1022270
1026377
1021786
1392615
1392368
1472457
1392623
1002349
1595787
1357216
1007248
1592486
1022298
1014772
1021372
1014007
1000600
1592549
922243
1400603
1592567
1392439
1121877
1157618
1082578
1131070
1358565
1157619
703157
742973
755168
762731
781648
1399176
815050
821235
1465203
974627
1592591
1014803
930030
927035
913229
921061
1392886
1358215
1343002
921372
933155
930152
1006231
1342686
1358340
1006232
1595789
1475741
886724
932150
885305
906917
895213
907842
1007310
1008669
1014831
1595791
1392925
1469340
1475745
1392523
1392996
1075625
903065
1397772
889948
1306068
902500
902773
1592683
1598242
1002571
984467
935549
935553
935550
1598256
992752
1000738
935740
935974
936305
936263
936259
1022860
936356
936375
936871
937013
937066
937358
937395
937659
937692
937735
937693
937707
937807
1004236
1004244
1115198
1465423
1004284
1025314
1025312
1024545
1029483
920630
1007142
938465
938493
833789
1317831
938863
938888
1005181
1123231
939474
1025319
939728
1005191
939988
1008911
940133
1291177
1007417
940510
836434
941026
1116255
941459
941693
941690
941771
825672
1322514
1592838
1362291
1299058
1361565
942936
942935
942937
1279696
1592855
943353
943354
943865
943862
943935
1120618
944166
1397775
1001018
1239889
1384777
1116902
918075
835869
1470916
945992
945989
945988
945991
946105
946390
946392
1354384
946937
947310
1148111
1024981
1592936
1021510
1592940
1243080
941772
1139704
1112988
1122469
1126453
1113798
1124111
1113128
1111726
1592943
934146
936703
943989
1592950
947995
1599903
948157
1027438
1392185
948650
948766
948007
1364509
949319
949613
949692
949924
1380837
950055
1398107
1399574
950325
1465785
950883
951156
876801
909042
972952
1003047
951877
951879
951991
951994
952077
952021
1398002
952128
952130
1476410
952221
952222
1029557
1131580
1017082
1398009
1382730
952654
1026184
1026185
832663
841697
1254024
1360012
1598275
1364544
1029120
1113003
953538
1388762
1395661
953577
1398029
953884
953990
940135
1006509
1068552
1145036
1080771
944398
954260
1007636
1467827
955123
955234
955356
955643
955684
955789
956034
1598315
956202
1471042
1238788
1143416
956621
1593099
951418
957043
1398109
1019973
1020569
1026981
1357535
1598324
1599311
958794
959057
959069
959063
959054
959417
1004703
1383537
1028540
959667
959698
959941
960020
960355
960372
960859
960902
960905
961022
961040
1079029
961188
1593197
1018438
1392113
1391863
1379907
961818
1112122
962346
962834
1387400
1399470
1387644
1472637
963822
964187
964208
964308
964368
1466049
964428
964757
964924
1398253
964970
1357641
965232
965230
965231
965299
1124299
1357355
1596160
1034076
1034077
1034074
1034021
1329148
1329646
1382771
1596163
1475439
1389825
1387404
1125358
1145133
1398315
1137987
1137988
965290
1593320
1096084
1083097
1350525
1149287
1596193
833437
1195382
1131967
1398396
1400806
840704
832781
880142
852272
892466
1035011
1007986
1347184
1076119
1014095
1593388
1032151
1020800
1021701
1021472
1034162
1025648
1033742
1020038
1032568
1013353
1014086
1022046
1032431
1035136
1035321
1035258
1035422
1035442
1007257
971243
837884
924613
1035714
1035711
1035713
1097717
1035766
971542
852483
1021200
1036055
831403
1400822
844960
896305
1132060
969338
1036520
823157
1036534
1036529
1036533
860608
916156
953536
956619
1255389
1036653
1394202
1035443
1363406
1135839
824538
1037133
1037237
1037236
1037266
1037513
1037520
1146636
1593441
1136887
1151457
1037973
1038049
1339402
1344046
1168056
1258189
1038163
1038164
1038145
1038144
1145238
829415
1598408
1128771
833168
1038422
922143
971165
938225
1244608
1468171
1596284
1040280
1040335
1040493
1040660
961681
955936
961682
1003866
1040661
1040786
987728
993682
1040959
1468184
1041384
1041386
1074018
1041387
1041463
1041465
1041526
1041524
1041578
1394276
1042083
1042084
1042082
1042085
1042210
1042321
1042345
1042551
1042531
1042540
1042600
880374
891929
892393
895634
980172
991425
1596297
827213
833435
833521
833583
1043036
1043140
937822
1248129
833042
1076726
1119592
1140035
1147045
999877
1469791
1474666
1466334
1466335
1259024
1394319
1143569
1354273
1129024
1145864
1231845
1043309
1132209
1122649
1379475
1385913
958494
1017754
1247651
1116210
1474678
1394375
1473499
1394379
1113129
1125296
1254076
1346483
1281875
1309922
1359775
1124700
1164166
1132255
1119960
1337090
1259936
1468286
1398718
1154591
1342086
1593598
1385122
824111
831044
842438
926671
894475
1475504
832577
876543
877247
893266
911628
1473501
907259
1055009
964019
1025387
1596375
1379906
1593613
1112150
1128964
1119959
1125025
1116901
1139855
1166170
1115998
1139976
1031910
1369737
1468304
1596377
884050
1007645
1033980
1596378
1599912
1154415
1154416
1062455
1258263
1150839
1596385
1598477
1135945
1151601
1474156
1258267
964354
991914
1001441
1012959
1026126
1049886
1055157
1101827
1138124
1593730
1380560
1398393
1150877
807360
1140163
1145454
1192444
1236407
1150096
1044445
1044443
1259068
1044678
1155436
1598519
1128188
1323863
946175
1220492
1026429
1469913
1045502
1398867
1045671
1045670
1398870
1398874
1471550
1072784
1398890
1046989
1596417
1047186
1596419
1598523
838857
1132447
1596421
1593842
1142202
1593846
1047847
1596425
1047827
1136111
1596426
1048260
1048615
1473550
1466625
1090817
1466628
1049729
1049817
1049885
1593896
1050193
1050233
1394656
1050516
1050749
1394661
1155599
1394666
1051111
1051120
1051175
1394669
1051415
1051465
1051579
1051985
1394684
1052438
1052452
1052668
1052663
1596429
1394813
1154573
1596432
1466680
1155617
1596433
1053460
1053551
1391583
1134002
836412
1053896
1054263
1471673
1054368
1054435
1054519
1152570
1055133
1055108
1055308
1055309
1055579
1055661
1055666
1055619
1055671
1055801
1055859
1056121
1056350
1056291
1351151
1138353
1054060
1056894
1056892
1138364
1594057
1594058
1057249
1057242
1136303
1132628
1057698
1136274
1058342
1058338
1594106
1059177
1059178
1059297
1059292
1248812
1059478
1059928
1059903
1596547
1059961
1060036
1060213
1060176
1060405
1060400
1060525
1394956
1596560
1126143
1594116
1594117
1151827
1470138
1138439
1154652
1466849
1395014
1007680
1596613
1157255
868874
1395051
1395053
1466891
1440313
1598585
1599438
1472961
1473648
1147462
1062077
1399294
1062361
1152693
1146005
1476269
919648
1132831
1594288
1134362
1594289
1389445
1594293
1044488
1596699
1050532
1045668
1050296
1025471
1025037
1038537
1472997
1596700
1386200
1380984
1059362
1012815
1032533
1397787
1080238
1071871
1017753
1141920
1594357
1399383
970021
1391891
978881
1295514
1014621
1039765
1011146
1051896
1470287
1399398
1020563
1391375
1383544
1253183
1313248
1090807
1381916
1038909
1055223
1594386
1596786
1034020
1030074
1016549
1058627
1036843
1049299
1007826
1055719
1382528
1260093
1265014
1596805
1265266
1264781
1262809
1028805
1380340
1383210
1150993
1384989
1055018
1049973
1138778
1323074
1396414
1129756
1142590
1058791
1054909
1129758
1062660
1062742
1391372
1146112
1467030
1343843
1096653
1120616
1064032
1335023
1328109
1470317
1399494
1144234
1146137
1399499
1107632
1395340
1596845
1464952
1259647
1399501
1387282
1399535
1087762
1144268
1132984
1148640
1399539
1148642
1380668
1384162
1155885
1391711
1129874
1117056
1380808
1386873
1398255
1381511
1387383
1381847
1383511
1264143
1387783
1156762
1394686
1253186
1383942
1395339
1473060
1157470
1157468
1155935
1151441
1321664
1136861
1395454
1468914
1218635
1359579
1142589
1155768
1155205
1146270
1154250
1146271
1473749
1094707
1143733
1438944
1475199
1475615
1359838
1600626
1263239
1134649
1254679
1147902
1599520
1600628
1250390
1136913
1125258
1153592
1353553
1473095
1189896
1358305
1254677
1360893
1095487
1155588
1597006
1600632
976357
977850
1470435
1157568
1259702
1158716
1472229
1157253
1136112
1468985
1259188
1467207
1472248
1142918
1134758
1264963
1472263
1144552
1136316
1137566
1264971
1259778
705254
713653
1264213
1263831
1254798
1121335
1265660
1265446
1473823
1259287
1266214
1266266
1380919
1260250
1265770
1249608
1382180
1383539
1598835
1597152
1597153
1597155
1598837
1597161
1598840
1150764
1134832
1395708
1153006
1150771
1597170
1147945
1395715
1063067
1063015
1395721
1063421
1063915
1064130
1064272
1064373
1064375
1064422
1064722
1064915
1064969
1065334
1065515
1065453
1065517
1065514
1065557
1395745
1065768
1065886
1594978
1066105
1066108
1066265
1066266
1066422
1066489
1066905
1067472
1067578
1067731
1067730
1395769
1068107
1068179
1068282
1599580
1068553
1068709
1069085
1600061
1395786
1399775
1069704
1069753
1069798
1070761
1395800
1070941
1070929
1462237
1071216
1071228
1441280
1071783
1395812
1072030
1071959
1597319
1072156
1452091
1456867
1072514
1253612
1597359
1072764
1072914
1072989
1072977
1073012
1073090
1137138
1073073
1073056
1600673
1073215
1395840
1073356
1153655
1395846
1153026
1598931
1598932
1074523
1598933
1074963
1598939
1130415
1075064
1075472
1261571
1075702
1075701
1075724
1458364
1134976
1137179
1076741
1076727
1076821
1076861
1261193
1077291
1077578
1077801
1600686
1078348
1078345
1078416
1078596
1078821
1078920
1078979
1249954
1079062
1079360
1079407
1079460
1079548
1079842
1080485
1080648
1438106
1081340
1081317
1599668
1081585
1260364
1250011
1447728
1451705
1598997
1143158
1453365
1443049
1082467
1082501
1353932
1082911
1255387
1082992
1082967
1083403
1083402
1095485
1107520
1234715
1298383
1412449
1328214
1076359
1363351
1260756
1096074
1390002
1390068
1094347
1269940
1130802
1266412
1390072
1258475
1121397
1206444
1117166
1127881
1276476
1387761
890804
1398619
870427
1386812
1397777
1084802
854263
1080394
1082991
982050
1065721
867249
1349064
947676
976574
1043513
1266525
1067980
1081248
1128909
1155605
1172971
1071872
1138817
1180748
1601693
1359591
1125010
1266595
1174625
1249324
1037857
868863
981445
1080571
1132278
1132475
1082696
1147481
1133969
1156325
834267
1080486
1153675
1251212
1179222
1276452
1092770
973673
1015314
1032289
1032535
1087478
1601786
1085031
1035052
1094247
1063920
1115397
1085445
1085440
1266646
1120196
1085694
1270134
1085843
1085939
1179569
1187765
1086006
1086099
1238655
1086466
1086511
1086616
1086612
1086631
1086710
1086987
1087285
1087334
1087484
842585
1087798
1255213
1125323
1088108
1273476
1088411
1270177
1072858
1077583
1259460
950867
900831
904568
1242604
1256617
1253726
1089221
1273849
1256259
874507
850531
1482146
1310220
959803
1073357
1089918
1482150
1235973
941751
1090816
999125
1218741
1091429
1101465
1363362
837953
1091600
1191022
881067
1086272
1122232
1227170
1133968
1234219
1092265
1092268
1092267
1092390
1092389
1250420
1270228
1092496
1092609
1053546
1093005
1126046
1093218
1093186
1093187
1093243
1093242
1093503
849126
853998
882115
1241945
1261202
835340
1093968
1094013
1127263
1144316
1255796
1285766
1094558
1401050
1002724
960068
1095170
1095525
1095814
1095800
1078496
1096071
1096113
1096494
1096884
1096914
1096959
1097020
1097238
1097225
1097474
1097940
1098211
1098254
1098281
1270321
1098683
1098821
1602007
1482275
1158964
1100320
1100316
1477103
1100721
1100664
1100836
1234104
1100906
1364565
1101557
1101487
1101524
1101606
1101604
1482297
1101780
1101781
1101829
1101884
1100701
1136860
1102274
1323385
1349600
1102390
1270383
1144936
1155035
1167139
1102517
1087236
1102827
1477133
1131784
1214955
1154603
1079969
1114212
1101370
1070844
1104076
1104431
1477225
1347661
1104824
1100317
1105219
1119429
1105288
1155989
1477246
1105536
1105619
1105613
1105778
1105966
1106159
1106189
1206734
1106257
1105761
1136416
1144013
1124459
1477286
1401391
1602139
1108711
1108714
1108748
1108850
1109140
1109459
1109458
1109726
1109823
1109808
1273974
1270540
1477372
1153455
1278504
1482427
1109708
1097007
840196
854264
1080874
1110250
858110
1105622
1304777
1122274
865845
1401476
1146095
869507
1482474
875842
1267223
1132117
896827
1099315
1132805
1146569
1360892
899851
1171506
1110701
904078
904377
1110710
910621
1098210
1096737
939996
956898
1151510
1085189
1095399
1135347
1477558
1153035
1477561
1087760
1477562
1101371
1139325
1092023
1095940
1092269
1097222
1019573
1090122
1105049
1100932
1085730
1104900
1602347
1091611
1104363
1143889
1278867
1146158
1100562
1038553
1602368
1143208
1267375
1477637
1171048
1477640
1152416
1136275
1146898
1328642
1137986
1477642
1150770
1155979
1142156
1477655
1057239
1175402
1133688
1139713
1482600
1147614
1141714
1143311
1139723
1152525
951550
1017171
693703
1602432
738467
1159272
1159265
770708
1159337
1066502
1086900
1089158
830995
1100318
1499972
1602481
889938
705878
723314
737532
747340
768643
797535
812393
1260727
956413
1602496
1163060
1279136
1139938
1098679
1087859
1159543
1159885
1159830
1159836
1159835
1155802
1160122
1160206
1160537
1160538
1160121
1160311
1160814
1161418
1160855
1160812
1273110
1265417
1277177
1161862
1602514
1161843
1163373
1161980
1162600
1162232
1162878
1163481
1123090
1072930
1164022
1163808
1099401
1164093
1164019
1164168
1164649
1164479
1164542
1164730
1165473
1165505
1165502
1165153
1164987
1165024
1166469
1165837
1166136
1165629
1165916
1482694
1167580
1167592
1167603
1167143
1167599
1167589
1167307
1167597
1167771
1602527
1168025
1168055
1168037
1169249
1169085
1169227
1168563
1169223
1168950
1168569
1169551
1169638
1482699
1170385
1170386
1170831
1170753
1271937
1171343
1171163
1171340
1171341
1171419
1171826
1095363
1172032
1602537
1171966
1222050
1172066
1160188
1172098
1172120
1172396
1364569
1172499
1173007
1172993
1173201
1173876
1173924
1174018
1482717
1174249
1135045
1174251
1174380
1174362
1233210
1201658
1202827
1056250
1079608
1174528
1310655
1270998
1482734
1174627
930841
1344156
1174718
1174687
1482735
1171997
1172156
1482736
1175122
1175295
1175206
1175278
1175411
1175409
1388517
1175533
1175780
1175802
1175824
1007141
939991
980409
1265577
1274453
1215365
965314
950031
1482848
1176211
1176243
1482788
1046991
1035051
1138413
1249297
1236681
1274774
881196
1143568
1018240
935629
992520
1123281
1087284
1240436
855832
908432
838083
838316
888653
966162
1132969
865540
846799
1271121
1136292
1157480
1045674
1060401
1147938
1137110
1170921
1274557
895724
903672
906339
911254
918904
924430
925312
935551
964923
1235524
878589
1009276
1602697
834989
1127884
1073962
1259080
1271163
1146059
920722
929574
1265915
1259199
1367156
1365700
1366645
1174183
1289595
1159834
1174014
1142445
1364629
899051
1250546
1259705
1259919
915663
1269901
883453
895922
909800
924431
1364639
996697
1170754
1146478
1267851
1135354
1137674
846570
885939
912495
913233
926684
1171984
1579066
1138993
1267863
1478070
1175086
1175088
1175091
1157472
1142170
1171420
1274654
1178549
992593
992597
960163
885304
1274665
1240155
1165078
1478085
890979
1176631
1598982
1137315
1153777
1176673
1271274
1279229
855770
931519
985907
995071
1051289
1113573
1124711
1238757
1160549
1176948
1176918
1176901
1176994
990422
1271298
1177467
1148901
1478143
1177778
1177777
1277555
1177872
1267960
1178377
1178371
1178398
1178423
1178520
1178470
1178648
1178745
1178946
1179108
1179121
1179122
1478177
1180103
1180106
1180108
1180273
1602873
1477272
1180750
1180753
1180746
1180932
1180998
1181064
1181100
1181079
1274784
1483206
1183015
1183493
1183783
992245
1055860
1184527
1184864
1184906
1185161
1185888
1186162
1186314
1186319
1186606
1603017
1186764
1187062
1489394
1491787
1494406
1274887
1187727
1187732
1187728
1187808
1188260
1188458
1188509
1271506
1188718
1488552
1491052
1189154
1189208
1488554
1189731
1189724
1190089
1190086
1498015
1190326
1495362
1191611
1191667
1190180
1603097
1192020
1192039
1192171
1192191
1192249
1192242
1192296
1192276
1192366
1192392
1192427
1192420
1192631
1192756
1192870
1192987
1193140
1193418
1193581
1193645
1193598
1193679
1193774
1193786
1493899
1193890
1193901
1193899
1193909
1194032
1194069
1194277
853901
1194765
877098
1194876
1194879
895205
1478441
1195040
1195546
1478450
1195632
1195578
1493432
1195845
1195843
1196116
1196122
1196234
1193794
1196596
1194774
1279273
1196774
1489447
1197115
922991
881107
1603192
1488613
1220740
1180272
1185872
1271697
852526
855055
1164610
1184952
1268416
1487587
1489465
1494943
1500845
1501413
1192286
1184532
1185098
1271729
1271734
1487601
1478551
857798
859117
924531
963380
1490294
1108673
1489478
988811
1058269
1056137
1132474
1033313
1192248
1187837
1489493
986641
836154
931171
981023
1486163
906922
1603323
1498314
1603326
1503380
1500850
1196231
1178253
1489510
1268522
1489511
1499145
1500851
1497079
1478638
1603363
1268547
867012
1064653
1119430
1143014
1143213
1603370
943493
1096493
1388744
1268560
1499159
1497419
1493482
1493948
1503258
1498602
1498036
1496742
1261684
1172986
1159953
936874
1364740
1493957
1503122
1273105
882067
894895
842549
890895
905324
963411
1058547
1140638
1170039
1204685
1229484
1495409
1175323
1248630
1190261
1183253
1504183
1603454
1160260
1165517
1271918
1268632
1470370
1191194
1185317
1189156
1264839
1250504
947763
1165490
1197252
1197539
1197525
1197524
1197625
1197622
1197850
1197846
1378516
1197886
1365505
1198176
1603580
1603547
1198681
1198640
1198685
1466119
1468288
1199016
1199021
1199069
1199217
1271993
927261
1199570
1199728
1199681
1199826
1483853
1603569
1242597
1200671
1200652
1200666
972085
1286162
1603575
1603610
1361871
1275353
1201237
1201245
1201246
1201244
1201238
1201301
1201239
1201247
1201386
1201528
1201568
1201529
1201709
1201689
1201647
1201648
1483876
1202025
1202295
1272043
1272044
1182134
1603645
1203717
1603650
1203924
1272076
1204756
1205036
1205586
1205792
1205956
1377668
1375379
1603687
1348757
1206164
1206210
1206219
1192449
1206887
1206915
1207012
1207009
1207227
1207441
1366665
1364817
1138775
1603819
1603821
1208679
1208710
1208730
1208682
1603736
1209488
1209569
1210208
1210210
1210241
1603754
1210599
1210666
1210671
1210886
1210892
1210971
1211203
1211491
1211550
1211858
1603867
1212017
1212086
1603878
1484013
1484014
1212254
1212440
1212722
1603882
1403529
1362964
1132234
1213197
1083298
1083385
1479136
1479158
694687
1213936
735598
1214171
1214298
1214372
1214464
1214504
1214507
1214524
1214543
1214645
1268971
1214876
1215015
1215357
1248814
746703
1215539
1215795
1215863
1159527
1216057
1272223
1120970
1259835
1265013
1264779
1479076
1479079
1265192
1217700
1465188
759612
1269028
1248109
1268229
1218679
1484103
1218897
1479288
1479330
1479331
1274435
1254075
1274995
1265199
1253529
1266529
1488772
1484135
1276004
969736
788192
1484147
1291184
1207628
803998
1214878
1207635
1219439
1205904
1209418
1200034
1200605
1197731
1202359
1205979
1205606
1199392
1215310
1200676
1203820
1202024
1184236
1227220
1209194
1202731
1219497
1206784
1202294
1211848
1219191
1209285
1210240
1255460
1275699
1188262
1132477
1168214
1232526
1188283
1219050
1240700
1244662
1469747
1484166
1198348
1207036
1266142
1268163
1199013
1184239
1214739
1366670
1211287
1202461
1199205
1202789
1210294
1323657
1484191
1194568
1216498
1187853
1477738
1484152
1478981
1479440
1479442
1166571
1361013
1124109
1177074
1479444
1494996
1474715
1484210
1188755
840998
840999
1366179
1335365
1055008
1079791
1484220
1484707
875958
1366191
1184989
1189294
1362855
1363144
1360017
1095762
1201028
1365754
1152868
1477149
1208712
1215113
1185708
1188447
1178551
1192821
1212429
1207923
1185814
986272
1098279
1366206
1467800
1032530
1149573
1133737
1219330
1133714
1106402
1059651
1082834
822755
1032383
1147575
1032669
1215311
1479445
988101
1468999
1484073
1123563
1359593
1479640
1469755
1165282
1214628
1272426
1277760
1212064
1188498
1489648
1219524
1482633
1033000
1479650
1150094
1175092
1125356
1328853
1188445
1214558
1231467
1272487
1114458
1213896
1111788
1498059
1500873
1493520
1473062
1467992
1465729
1472480
1477706
1467134
1480979
1468604
1474320
1467824
1002260
1047098
1113641
1139715
1125297
1141912
1033739
1129762
1180953
1191612
1155037
1147061
1014085
1216131
1149496
1494032
1496772
1500875
1189157
1495860
1176829
1179102
1266158
1309844
1126207
1176790
1315275
1001448
1145873
1144881
1172355
1178948
1128784
1183957
1101276
1027270
1047844
1498068
1309945
1020968
1117221
1123640
1111727
1182253
1113718
1178448
1051989
1050071
959061
1490524
1049688
1117072
978338
1121621
1220978
1221216
1022267
1221395
1222052
1072735
1104583
1222747
1272533
1222740
1222746
1222810
1222863
1223003
1222950
1222978
1373544
1223181
1223458
1223514
1223486
1479826
1223779
1223778
1223869
1223957
1223910
1224077
1224063
1224154
1269315
1224471
1224817
1224805
1224894
1224893
1224982
1224967
1225275
1225443
1225502
1225864
1225861
1272583
1225966
1225967
1226207
1412244
1124841
1226434
1494575
1495451
1498075
1498634
1499204
1227074
1227219
1151823
1227680
1495884
1267507
1493573
1232314
1228354
1221046
1276525
1139655
1148530
1190134
1489728
1220377
1239461
1365129
1165194
1229472
1079363
1222749
1361600
1219376
1350738
1230214
1230354
1491326
1165412
1230866
1185313
1214461
1270428
1491330
1231771
1231847
1232036
1231969
1480261
1232469
1232435
1272660
1232668
1232928
1233335
1496805
1503136
1503399
1504033
1498646
1233752
1233801
1234184
1365167
1172937
1180460
1204303
1235355
1235512
1235745
1096712
1109457
1142084
1187744
1236186
1236184
1230897
1236271
1236277
1236347
1236384
971947
1236601
1192748
1150369
1236604
1236664
974749
1236683
1214301
983167
1237045
988102
993357
1028873
1495078
1488978
1265780
1493624
1491395
1238832
1239105
1495086
1239721
1239952
1240265
1240439
1240441
1240703
1240783
1240782
1240854
1240894
1240891
1240877
1240895
1240853
1241359
1241655
1242341
1358566
1242664
1242996
1243030
1243526
1243621
1243879
1243877
1244283
1244382
1241667
1244987
1244941
1398014
1329544
1365930
1105795
883785
993634
1066414
1171762
857540
1475767
868113
844984
897959
1182371
851322
889911
931057
978497
956406
1142080
1067056
1225318
1149843
1116462
1133949
1247045
867010
1131636
1108981
1161887
935724
1056767
1078574
881151
1056493
1239982
948136
959056
907504
908427
922815
941692
1477139
1473349
1473592
1127880
1139154
1476408
1233785
1254852
1184850
1472260
1365931
1126036
1198118
1241737
1110683
1124308
1177819
1477135
1478900
1494118
1497193
1498404
1488062
1495919
1362916
1409470
1119418
1183480
1366430
1201616
849370
969608
1199240
1365944
1012107
1212644
1020183
880139
1366862
910443
997790
1225482
1231820
1136862
862367
1366869
1157471
1366873
1365287
1484829
1235360
1356718
1293958
1200122
1310218
1184429
1203244
1069196
1263901
1272720
1069783
1569429
1472945
1469828
1475427
1480527
1572568
1477565
1468180
1223009
1147060
1154273
1180749
1192402
1470109
1477283
1466085
1472346
1490707
1488066
1494126
1481530
1183736
1198303
1228790
1275313
1208344
1211851
1221084
1477043
1319281
1205593
1235518
1469745
1222840
1207652
1223856
1227553
1236853
1225006
1227075
1097368
1245246
1240460
1244140
1207241
1210465
1238090
1198030
1226711
1243698
1197957
1234646
1245668
1465078
1239675
1226206
1226046
1230258
1465134
1467715
1232745
1224727
1234169
1244917
1235969
1233005
1226876
1215765
1242229
1227073
1236867
1215768
1357569
1237886
1578880
1470172
1468421
1467901
1272898
1481307
1477760
1478144
1269744
1249294
971703
1469746
1465944
1587859
1250183
1262283
1277834
1478077
1276266
1467019
1475806
1479173
1274736
1264229
1248285
1260730
1469743
1253720
1250337
1266121
1131493
1595858
1475807
1475575
1139906
1247600
1491464
1489052
1490708
1277758
1249560
1254820
1268185
1362856
1362917
1259328
1491467
1257025
1260091
1253184
1246225
1246221
1208107
1154306
1496839
1494643
1495115
1269815
1159254
1169525
1314708
1328347
1269828
1489891
1493131
1279379
1498114
1497209
1495512
1498658
1318269
1494654
1497214
1324817
1481016
1366052
1054440
1485055
1486403
1196439
1104937
1226433
1253187
1501836
1488147
1503549
1501838
1486427
1489119
1496853
1503551
1497507
1498421
1494172
1486520
1486527
1494176
1503643
1504348
1486528
1485087
1412329
1497230
1064869
1495534
1488164
1196127
1497233
1503645
1504198
1495577
1498682
1504445
1499252
1499879
1481095
874166
1273538
904475
951374
1503170
1504257
910618
1161846
984416
1110051
1499883
851961
858272
1033756
1097119
1266566
1365457
1494202
948959
1128266
839929
844813
845067
858562
863672
864267
1016585
1501125
1496026
1503430
1502388
1501880
1493193
1501718
1485140
1496903
1499896
1493202
1502834
1489178
1488212
1498468
1501727
1503873
986231
1495623
948794
1485153
1481170
1495624
1481175
1500595
1481189
1488229
1491614
1481213
1491617
856801
1501147
1504064
1502147
1503580
1497883
1493242
1498200
1055906
1087914
1190466
866987
1250697
1062456
1138947
1184693
1188263
1090678
1097457
1101886
1249242
973198
978343
985681
991758
1050194
1275355
969848
1196086
980518
1047155
974652
974202
1499918
1501154
1493245
1503675
835424
840908
1099271
1107974
1113757
1098323
851103
1184849
980548
1194882
1277529
1159837
1499920
1486762
1488265
986780
1050215
1495657
1498496
1499306
1486781
1123026
842070
833820
857541
862809
862942
876660
960900
971172
1238455
990973
1126925
1210706
1486794
1499313
1501921
1502158
1152812
1147601
1267715
1496523
852553
859118
1124221
1187910
1165821
1088172
930755
1234644
1136888
1191021
1109256
873153
953593
1486913
1490086
1501758
1503689
1503352
1504371
1494819
1498782
1503357
1501188
1501382
1495283
1177779
1209823
1216046
1500194
1490920
1490115
1486868
1499967
1496642
1494844
1498546
1503817
1502894
1258906
1497646
971225
840659
841362
868436
1411595
973674
980538
986267
1032826
1143015
916959
1097938
996548
1247858
1257634
1181530
865040
946585
966984
1048540
1126489
1190565
1489354
1499975
1493335
701519
710209
1275297
712250
864771
1087131
1138776
1142703
1255793
1110728
1207634
1273219
1267880
1266016
1267087
1220625
1267503
841626
866697
886935
895505
896597
734607
743415
752417
1011605
1261928
857889
1183483
1243752
1059207
1206018
975118
1262474
1210962
834750
1270183
1192288
974804
1148646
1063228
1132161
1175097
1028619
1014365
881062
1153670
848868
998279
1096590
973621
982328
852292
855239
861619
853237
867682
1065831
901236
1153659
847294
1145335
897651
924722
842072
851388
1279698
1279662
1204393
1279865
1279876
1169245
1279924
1280063
1280336
1280377
1481488
1280514
1280600
1280596
1280593
1280608
1280627
1280601
1280725
1280836
1280829
1281312
1281525
1159976
1282192
1366567
1282511
1282796
1283011
1283042
1283249
1283247
1283287
1074856
1283423
1283507
1283751
1283747
1284179
1284277
1284281
1284547
1284545
1284548
1458002
1285363
1285364
1285362
1285485
1285511
1285493
1285679
1285674
1146139
1128693
1128723
1129553
1271947
1154274
1224256
1240105
1105620
1230212
1325407
1335021
1190458
1285927
1363807
1226440
1142597
1280415
1317306
1330040
1273090
1115940
1122447
1122035
1178773
1342380
1068936
1286268
1286270
1286337
1286349
1488399
1504231
1500466
1499984
1500468
1500844
1172274
1208522
1497396
1494876
1194501
1274024
1150534
1286997
1366141
1358746
1146300
1489387
1289048
1495746
1289575
1289791
1289871
1289865
1290135
1290095
1161248
1290369
1489391
1290560
1290900
1290913
1291031
1291113
1291080
1291341
1291594
1291618
1291575
1291653
1291761
1291810
1291928
1292000
1292014
1292071
1292032
1292590
1292613
1292657
1292834
1293037
1293277
1293507
1293537
1293762
1294021
1294016
1294307
1294308
1294714
1294777
1294843
1295022
1295026
1504442
1295512
1295615
771367
771636
1537957
1296081
1296150
1537958
1296139
1504510
1296600
1521191
826790
832105
1297005
1213932
1297273
1297384
1297346
1297719
1297844
1298189
965313
1017593
1036142
1190289
1234221
1292945
1298820
1298835
1298877
1299022
1299204
1299278
1299427
1299425
1299430
1299773
1299822
1299874
1299867
1299944
1299942
939023
967338
972402
984642
1300586
1300649
1300745
1300797
1300895
1300896
1301049
1301048
1301117
1301633
1301577
1521233
1524981
1513428
1302194
1517875
1302759
1302893
1521250
1302973
1303030
1303078
1303028
1303055
1303266
1537976
1303869
1303959
1304233
1112048
1304384
1134749
1509234
1304773
1304774
1305026
1305172
1292596
1305434
1509261
1285612
1513485
1297958
1295305
1300593
1293957
1280398
1284405
1297633
1304294
1284274
1279983
1543187
1279378
1288999
1280255
1292658
1297343
1281572
1301448
1504696
1291503
1281269
1293031
1291342
1299070
1280000
1306003
1306066
1306622
1521329
1531942
1307682
1307855
1307915
1308122
1509340
1308127
1509341
1308446
1308438
1308442
1308631
1531947
1308681
1308771
1308757
1308870
1309057
1309387
1309378
1309436
1309545
1309577
1509362
1531958
1310382
1354821
1310952
1535968
1517989
1311264
1311296
1525094
1311854
1552445
1555476
1312272
1312273
1312330
1312745
1543231
1559992
1513615
1313266
1313316
1313381
1313398
1313540
1313779
1561636
1336444
1534006
1314391
1314840
1314870
1518035
1513649
1534009
1552470
1552473
1552480
1532001
1552453
1552471
1525137
1518047
1315954
1316201
1316358
1316584
1316596
1316986
1316977
1317544
1317540
1317553
1317827
1317840
1318252
1318319
1318547
1318588
1318685
1318881
1318918
1319182
1319183
1319434
1319508
1319482
1319595
1319728
1319827
1320726
1320990
1321180
1321232
1321231
1321707
1321831
1321989
1322338
1322415
1322410
1322504
1322644
1322782
1322809
1322856
1323000
1323078
1323077
1323180
1323230
1323558
1324260
1324414
1324692
1325067
1325062
1325588
1325675
1325730
1325732
1325735
1325733
1325758
1509590
1509526
1326072
1326225
1326238
1297825
1326732
1326713
1326716
1326859
1327115
1327075
1327335
1327440
1327662
1327724
1327814
1327918
1509639
1328222
1075468
1079495
1328838
1329025
1329347
1329651
1329786
1329852
1329914
1330037
1330143
1330301
1330412
1330440
1330453
1330462
799427
1330478
1244212
1330624
1206758
1331146
1247024
1331773
1331772
1179301
1582022
697384
707328
727441
1521571
704987
751268
753728
767743
787113
799902
807722
820629
832206
966721
1054214
1107627
753247
757086
765829
1521575
1333749
1333950
789578
820508
1509847
1513893
838860
852396
906285
922454
1242521
1521585
1035013
1510001
1510007
1066503
1068932
1055933
1065753
1207471
1211194
1291601
1066104
1067729
1285657
1091486
1291800
1292039
1210622
1343432
1327726
1305886
1323076
1319539
1308490
1325513
1319180
1318033
1316972
1181033
1285601
1330346
1295002
1343391
965395
1294683
1319348
1324708
969835
1299157
1308518
1320020
1328294
1316577
1317533
1308582
1318550
1113839
1117683
1314519
1513943
1555493
1560014
1561646
1194067
1510061
1290460
1101608
1118591
998979
1518298
1146568
1149380
1206781
1365242
1338170
1161856
1284372
1327573
1292144
1316204
1365513
1308671
1319408
1514018
1532064
1319815
1525341
1303005
1313315
1284550
1292532
1327817
1334301
1367547
1514035
1552535
1532082
1555502
1514061
1521713
1334794
1334910
1335155
1514077
968601
984038
997496
1155064
1134476
1335843
1336002
1336044
1336131
1336128
1547612
1336304
1336294
781201
1336552
1336955
1337143
1337174
1337208
1337362
1337388
1337401
1337452
1184002
1184852
1188266
1367675
977839
1037382
1338279
1338253
1338318
1338369
1113001
1338861
1543296
1339106
1026459
1339225
1339631
1220787
973463
988132
991956
1341312
1002723
1006507
1341812
1030016
1343158
1343167
1343311
1343394
1343392
1343590
1343618
1343720
1343888
1344087
1344319
1344467
1344512
1344590
1344562
1344836
1344844
1345145
1052910
1345742
1345771
1346185
1346238
1346236
1346265
1346267
1518416
1552545
1518418
1346485
1514113
1346731
1346837
1347068
1347318
1347366
1347371
1347590
1347776
1347752
1347947
1347901
1347966
1532126
1348348
1348426
1348491
1348570
1348581
1348836
1525462
1348941
1348942
1349488
1532140
1349589
1349594
1349637
1349598
1350029
1350181
1505634
1350387
1350392
1350520
1350483
1350574
1350761
1350877
1351012
1351435
1351575
1351564
1351571
1351733
1351719
1351826
1521818
1534159
1538136
1552565
1518497
1534167
1514190
1352954
1353012
1353117
1510426
1353505
1353701
1532168
1510434
1353981
1510437
1354292
1354229
1354260
1354662
1354696
1354807
1525530
1525531
1555548
1510457
1550115
1527823
1355073
1355074
1354644
1510486
1543359
979913
1294941
1543360
999200
939596
1049818
1338865
1514267
1290796
1518588
1560085
980060
1131491
1291549
1347018
1354611
1341304
1338862
1543370
1552739
1552734
1538190
1552667
1351067
1342590
1334519
1618618
1547697
1550144
1547698
1616823
1547699
1525604
1603961
1603958
1547702
1552784
1510537
1514313
1505913
1543402
1547708
1609256
1266013
1274997
1336127
1342511
1033741
1354313
1366544
1246141
1514339
1510560
1357562
1367923
1353499
1613814
995130
1603948
1336046
1510573
1095809
998004
1055430
1067157
1052313
1063084
1170751
1254678
1316054
1336832
1055339
985340
1353557
1259676
1041385
963505
972774
1341311
986300
1049726
1340425
1324722
1059580
942260
1030318
1052873
1053509
1220856
1273227
1350409
1354739
965723
1143049
1164013
1207636
1219447
1240893
980643
995733
998357
1152804
1197260
1198551
1294840
1307667
1309307
961584
1036075
1171338
1289767
1052115
1299539
1076514
1185299
998280
1059827
1195839
1236603
1281139
1294896
1300640
1024869
1170130
1212255
1217921
1229001
1234910
1243026
1039597
1207643
1281676
1604018
1127446
1132894
1159832
1249771
1260337
1263804
1518713
973097
1249698
1224169
1351127
1231234
1132397
1326714
1101463
1215954
968312
982060
1078634
1103993
1161889
1191638
1529999
1613821
1230340
1180907
978921
1260170
1350431
1032434
1525675
1149379
1206884
1543455
1550167
1522016
1364813
1364634
1367313
1547724
1547725
1364301
1538226
1522022
1368130
1613836
1525689
1555609
1543424
1527845
1530125
1618653
1514444
1543471
1615274
1615283
1543480
1522041
1514451
1604194
1538242
1609312
1613852
1612214
1615227
1615229
1543450
1621267
1368515
1368899
1538272
974655
970223
984943
1007947
1017368
1031510
1031511
1043037
1085433
1534314
1604359
1527851
1604365
1615206
1543523
1615310
1510696
1315493
1538310
1604557
1612294
1525753
1604264
1538329
1538337
1538349
1543544
1538330
1538338
1555649
1538347
1538342
1538352
1538335
1530271
1534335
1525764
996422
1548133
1510714
1538325
1560180
1328831
1548175
1548244
1604466
1548275
1367925
1538386
1548233
1612530
1548234
1548235
974681
1313276
1164654
1354358
1354383
1354514
1358368
1238279
1525788
1206730
1212039
1273175
1275315
1281690
1297601
980857
1266775
1153209
974200
993499
1064419
1066508
1105527
1142886
1530211
1325065
1538408
1301522
1341522
1622327
1530214
1538457
996346
1013903
1132429
1514538
1230739
1248811
876341
940882
1321569
1152697
1514540
1530217
1279183
1156346
880613
888655
1306002
1299291
1325481
1604672
1313308
915171
1616916
1281141
1325004
1325633
1128128
1322318
1615373
1622348
1615374
1552924
960371
931585
971450
974697
1328830
1132476
1146026
951279
1622368
1622401
1622365
1622382
1538477
974467
1057092
1536401
1538478
1369428
1620218
1125272
1302758
1334883
1313181
1152913
1056169
1532404
971823
1518876
1119408
1342510
1369458
1046992
955387
987426
1530350
1543591
1165847
1261334
1264840
1317315
1359034
1132908
1163805
1240227
1224076
1113920
992014
961639
1506635
1538528
988363
1255792
1314320
1144318
939994
1131680
1224062
1538484
1621327
1035009
1235361
1213120
1223911
1532411
1090123
1152521
1184899
1231537
1146351
1325072
1174817
984938
1113542
1119399
1150537
1222734
1000009
1058288
1093512
1118855
1209333
1510799
1154928
1140776
1181380
1197445
1550273
1510801
1532413
1538607
993511
1550275
1522162
1612490
1550276
996696
1532417
1008217
1538642
1022810
1550282
1057194
1098149
1538647
1548311
1106876
1113589
1140451
1279864
1026730
1518903
992106
1013904
1514591
1538505
1538556
1117053
1012115
1615402
1165921
1196282
1146141
1279937
1080060
1225554
1001050
1036920
1506699
948649
1506709
1080883
1207534
1329936
1240160
973246
1144417
1028607
1550290
954410
1205604
1305986
992519
963346
1047021
1067833
1543621
1126219
1369680
1369938
1370016
1369614
1369734
1338066
1369786
1369648
1369791
1370158
1370119
1370311
1370526
1370324
1370104
1370285
1370803
1370614
1370912
1370723
1370826
1371198
1371543
1371777
1372277
1372229
1371806
1372662
1372673
1372722
1372814
1372896
1372724
1372661
1372686
1373018
1373181
1373322
1373410
1373498
1373709
1373557
1373551
1373619
1373748
1373699
1374242
1374395
1374235
1374241
1374563
1374573
1374935
1375207
1374793
1374820
1375969
1376054
1376182
1375950
1376352
1375994
1376450
1376057
1376260
1375952
1376254
1376520
1376333
1376339
1376946
1377166
1376698
1376853
1376886
1376942
1377593
1377683
1377436
1377684
1377527
1377547
1377277
1377379
1377747
1506742
1377869
1525866
1534421
1606631
1606635
1378209
1609462
1378458
1522219
1378510
1128989
1620253
1609467
1538757
1518964
1550336
1543791
1522229
1543868
1543751
1525895
1543740
1552978
1612601
1538772
750998
755198
1543808
803074
826839
1555842
928092
963742
1518975
1534447
1518976
1218895
1243875
1256320
1259823
1555845
1514703
1335298
1344242
1543749
1342587
1360636
1338359
1367688
1397465
1555846
1378576
1461614
1538782
1564553
1510966
1612610
1340114
1374223
1373016
1335301
1347246
1369431
1372676
1449591
1347189
1342005
1340709
1609505
1378583
1604982
1465742
1555852
1462735
1486768
1493917
1474125
1478967
1506816
1453490
1343162
1519041
1506831
1346860
1511160
1367646
1506854
1470127
1479655
1511164
1346480
1361179
1343930
1363107
1366522
1372275
1511166
1511173
1378659
1378749
1378716
1378750
1456484
1514806
1514808
1445226
1459234
1462783
1467018
1468832
1478947
1481946
1488411
1489979
1497207
1501021
1509451
1517570
1378996
1416765
1347005
1455710
1521971
1458486
1479391
1491465
1509501
1460602
1449546
1468469
1511283
1490709
1511233
1532539
1534486
1534492
1606749
1506985
1506987
1453765
1447930
1491051
1488226
1498993
1451647
1497018
1456328
1473094
1453350
1534507
1500858
1449773
1172400
1493082
1375025
1507173
1459890
1476271
1444754
1446909
1463903
1463905
1463910
1606773
1348212
1360078
1368817
1526068
1469302
1507149
1374586
1339428
1518077
1468580
1511367
1459339
1493200
1519177
1489503
1511263
1472667
1519180
1480873
1500897
1522270
1493570
1452074
1481824
1457042
1504976
1446121
1447932
1457063
1491049
1511476
1514750
1495505
1510613
1450741
1463260
1488210
1444760
1511165
1469794
1449833
1504729
1462344
1463058
1444752
1455596
1509477
1444480
1444239
1452371
1507004
1494275
1448248
1457503
1451769
1458866
1463474
1481378
1481527
1488614
1513345
1477057
1511717
1489729
1445483
1463917
1482482
1513814
1496825
1445341
1519091
1459120
1445479
1445539
1445905
1463011
1462264
1472891
1455307
1509157
1468726
1500101
1511161
1489317
1519198
1447645
1477705
1451981
1445109
1495638
1477736
1447740
1480809
1509833
1448160
1456112
1488360
1497095
1447648
1453643
1460964
1491790
1506795
1454192
1477289
1478984
1500221
1513421
1444745
1473960
1522466
1478529
1475753
1475766
1479306
1450883
1457552
1606819
1465942
1445232
1459123
1465164
1488178
1467805
1465053
1620285
1186321
1493883
1486162
1493054
1515098
1490025
1445297
1462384
1511169
1491050
1452996
1495434
1451017
1444602
1445544
1447644
1453657
1455590
1469744
1511719
1618946
1514955
1448250
1493487
1447414
1446482
1481817
1460250
1504380
1521573
1511429
1456802
1615515
1555914
1556066
1201241
1202071
1621424
1204306
1208946
1550462
1215797
1526139
1511761
1550464
1225545
1536669
1226488
1556001
1556026
1615617
1231851
1236477
1615807
1615909
1615527
1241738
1550517
1550544
1243467
1544131
1519233
1555945
1556083
1556143
1605204
1606853
1556216
1615918
1556208
1615534
1622650
1556149
1609649
1544150
1556160
1556291
1254680
1259993
1556335
1555888
1555957
1519248
1605216
1556373
1612861
1621454
1530925
1605222
1526168
1606901
1553140
1555894
1555897
1536730
1536867
1536895
1370156
1539461
1553154
1606940
1605245
1606941
1539358
1519276
1539172
1550588
1556749
1511918
1526193
1511972
1344474
1358343
1380173
1410630
1444950
1512068
1560328
1560329
1512150
1519381
1539384
1526220
1553342
1539501
1519479
1511682
1515060
1515065
1526276
1539518
1550614
1539525
1528253
1539317
1532767
1539428
1519536
708571
724072
733318
761268
780253
780222
802156
963127
987571
1140406
1222932
1239455
1249300
1258289
1324816
1381914
1398010
1515599
1515537
1515545
1515562
1532731
1426875
1537037
1515485
1519644
1515715
1548554
1553391
1515716
1532828
1519667
1519654
1519655
1522655
1522657
1539583
1539714
1545694
1560354
1537063
1539746
1539762
1515925
1616088
1539996
1540103
1539997
1516100
1519699
1550706
1550729
1540152
1540227
1540153
1539774
1540208
1539775
1540210
1550744
1550745
1515431
1522680
1620403
1550654
1553473
1540269
1540286
1540320
1540333
1540340
1280854
1540164
1540421
1516844
1519782
1522689
1540288
1550658
1540396
1283047
1540474
1537089
1607309
1289846
1523103
1537092
1523104
1540413
1605422
1534726
1540532
1534727
1540185
1607406
1534728
1523843
1607432
1607458
1540800
1617158
1540040
1540570
1516135
1523312
1523687
1545863
1534742
1545865
1528922
1539632
1535049
1539634
1607447
1401809
1523695
1401811
1540591
1308781
1546313
1622949
1545791
1520193
1523330
1523705
1546547
1321583
1522728
1546317
1546548
1622967
1607594
1607596
1541175
1546321
1548608
1546603
1541176
1546069
1541177
1545798
1546070
1545799
1523956
1546327
1541180
1523339
1539653
1546576
1550826
1560371
1522740
1620457
1546613
1550842
1550854
1550848
1545975
1550867
1550880
1508181
1550882
1550893
1508183
1546340
1523174
1607736
1613130
1534777
1545816
1545905
1545982
1534779
1550913
1545907
1546591
1620474
1546698
1550916
1551150
1520074
1545990
1539678
1621606
1540089
1508197
1605499
1523612
1551554
1533073
1608097
1551015
1608098
1617289
1533075
1553596
1539695
1540666
1560376
1553602
1533085
1546405
1608332
1546406
1557973
1546408
1546409
1551039
1533088
1551571
1545855
1523216
1608159
1608160
1531179
1537197
1553668
1557980
1537199
1553644
1553669
1621633
1551509
1551512
1541254
1553747
1553763
1541255
1541256
1553749
1553830
1553835
1613184
1541259
1351408
1508258
1522819
1621646
1553934
1553935
1529761
1546442
1546443
1535137
1553854
1553694
1551082
1517000
1517001
1507819
1614563
1524142
1524144
1620575
1546263
1546853
1512477
1523504
1605607
1617461
1534869
1541282
1531226
1534871
1541284
1553824
1553825
1617491
1531235
1617480
1517033
1523518
1537251
1508352
1508356
1508359
1517054
1508364
1517058
1507859
1613262
1507860
1507862
1517074
1416651
1620602
1549278
1623159
1623160
1558126
1535182
1537272
1623162
1549282
1619682
1620611
1551698
1558276
1619686
1549287
1623179
1620616
1620762
1623204
1623463
1623191
1620621
1549295
1623422
1531279
1548904
1546914
1524251
1558356
1558165
1401851
1541376
1623492
1623507
1623534
1623506
1605706
1623533
1551723
1549311
1554007
1605712
1541467
1560586
1541598
1560587
1541469
1560588
1605716
1529900
1549143
1560589
1558421
1541447
1605723
1610131
1533234
1537335
1554031
1533237
1616343
1616344
1610138
1517140
1541487
1416465
1527023
1508463
1619738
1551749
1554163
1554146
1554149
1554160
1554110
1554150
1554091
1554165
1554215
1554219
1610157
1554255
1554317
1541508
1554357
1554458
1554315
1554720
1554837
1554342
1554838
1554849
1554333
1554928
1560627
1541521
1512670
1517181
1620840
1551912
1554873
1620700
1554504
1554926
1610185
1554927
1560949
1531371
1508511
1605787
1560999
1520589
1520590
1560644
1560726
1537398
1620711
1524349
1531384
1605798
1617689
1605800
1549418
1620722
1560827
1610203
1617685
1617686
1617687
1551934
1617688
1531394
1541799
1617756
1617760
1617791
1617752
1551993
1512782
1617777
1561190
1517230
1610219
1561314
1512746
1541573
1560844
1561328
1508550
1551828
1605831
1561222
1617852
1541813
1552037
1617844
1512792
1558504
1617968
1617969
1623876
1541819
1516741
1537444
1617981
1508073
1558515
1617987
1512814
1549493
1547105
1551853
1541853
1517269
1541855
1551855
1610270
1551857
1610273
1531447
1216685
1551864
1619860
1520672
1614788
1537485
1551867
694746
1549527
1619865
1561424
1547124
1618086
1517297
1605895
1423297
1517303
1533389
1541894
1541896
1620975
1535441
1549557
1605910
1620947
1610309
1537520
1561395
1524462
1608795
1520721
1558608
1608803
1537543
1605938
1541941
1547176
1541942
1549607
1512910
1547182
1520748
1610350
1512917
1524496
1549622
1549625
1512920
1613530
1517371
1541980
1520766
1524510
1542108
1555097
1541982
1541983
1541992
1508697
806010
1533474
1554695
1537604
1554697
837665
1046990
1074172
1077568
1081206
1085431
1110768
1122555
1160187
1168868
1175615
1219051
1236745
1251951
1262313
1277009
1286350
1294880
1303238
1527592
1508713
1547210
1531577
1524540
1555120
1508719
1517403
1533562
1555123
1610389
1618268
1547256
1533491
1558731
1610400
842663
1520812
1549688
1552180
1555130
843960
1542402
1552184
1610517
1610559
1610436
1542549
1547276
1524577
1610568
1614913
1542409
1531600
1606031
1542517
1542683
1621064
1618337
1542518
1549705
1558841
1618415
1610589
1542344
1558754
1558897
1542803
1558854
1558855
1618325
1542046
1606045
1559216
1559004
1555223
1559278
1542262
1614942
1555227
1559225
1559289
1559332
1558915
1559333
1547349
1549737
1559311
1559350
1559230
1559366
1535608
1552228
1559349
1517486
1559205
1555241
1559207
1549763
1552234
1559210
1559375
1552239
1559730
1542904
1613639
1559501
1616716
1559732
1621113
1559734
1559503
1559129
1513079
1524651
1559738
1613644
1610692
1610712
1559260
1559135
1555266
1531681
1552262
1616693
1608999
1622116
1559447
1615044
1615045
1615046
1616700
1517545
1559552
1606148
1517549
1520939
1609032
1517574
1615054
1524724
1559810
1559811
1543010
1533782
1533783
1034962
1077800
1537822
1543017
1555349
1611493
1615060
1537855
1549891
1531758
1549893
1141918
1149712
1153294
1162238
1168264
1180751
1191877
1208742
1212541
1215836
1225131
1233798
1238285
1241734
1247027
1255688
1256397
1260259
1262347
1271356
1292853
1303142
1308439
1318125
1322165
1325245
1329397
1339686
1354040
1354505
1359196
1370829
1373309
1387120
1390744
1402022
1396253
1401151
1318041
1380530
1379153
1351175
1370962
1329065
1387426
1387476
1324583
1384683
1351235
1392580
1398502
1369475
1382805
1382810
1289833
1297698
1301383
1307883
1383202
1392621
1237039
1299029
1305818
1314771
1395228
1196120
1324034
1324070
1380981
1384776
1398826
1400804
1329757
1350278
1392541
1314802
1387544
1346633
1315360
1392122
1392386
1392399
1327844
1330178
1394652
1328896
1299252
1319129
1386164
1342524
1391972
1191726
1221743
1329133
1321176
1212298
1339263
1389851
1402149
1402301
1402397
1402401
1402783
1402922
1402466
1403124
1402562
1403110
1402923
1403127
1403160
1403210
1403248
1403125
1403147
1403158
1403399
1403402
1403404
1403421
1403666
1403532
1403534
1403418
1403772
1403837
1404058
1404071
1404129
1404358
1404526
1403940
1404106
1403939
1403830
1404204
1404699
1404701
1404776
1404831
1404904
1404930
1405020
1543046
1508965
1405700
1405783
1405711
1405601
1405633
1405632
1405598
1531769
1405944
1406227
1406232
1406539
1407172
1407300
1406763
1407560
1405992
1406617
1407975
1407974
1408151
1408154
1408497
1408550
1408165
1408415
1408755
1408885
1409205
1409258
1409307
1408713
1408856
1409371
1409390
1409524
1409627
1410570
1409609
1409406
1410908
1410957
1411346
1411347
1411373
1410722
1411330
1411329
1411445
1411788
1411737
1411427
1411882
1412019
1412119
1412424
1412451
1412116
1412754
1412920
1413066
1413067
1413208
1412731
1413565
1413550
1413749
1413814
1413833
1413849
1413760
1413834
1413943
1413969
1414064
1414137
1414333
1414702
1414960
1415081
1414903
1414973
1415115
1415126
1415474
1415696
1416152
1416116
1416122
1415885
1416454
1416474
1416580
1416496
1416584
1416794
1417043
1416853
1416749
1417272
1417209
1417387
1417466
1418469
1613696
1418943
1418803
1418819
1419380
1419054
1419076
1419149
1419206
1419414
1419600
1419701
1419626
1419360
1419622
1419058
1420088
1420086
1420139
1420092
1420090
1509003
1609114
1543062
1543063
1531805
1606310
1616780
1524860
1410901
1418649
1410953
1415511
1419384
1509063
1531825
1609200
1621172
1533869
1531827
1547514
1404792
1404833
1414994
1416967
1402395
1513305
1609212
1521137
1417693
1404107
1402911
1306427
1552407
1531846
1533890
1543148
1616808
1533892
1509094
1552410
1609228
1621185
1531856
1417563
1612093
1622164
1622165
1517782
1513326
1380352
1403526
1402463
1413586
1410347
1415004
1412808
1404059
1421895
1421720
1421799
1422170
1422670
1422709
1422306
1423110
1423357
1423369
1423437
1423048
1423313
1423034
1423056
1423328
1423360
1423669
1424019
1424259
1423604
1424172
1423596
1424418
1424459
1424520
1424587
1424721
1424552
1424419
1424652
1424653
1424642
1424357
1424830
1424864
1424879
1425326
1425342
1425363
1425447
1425553
1425564
1425410
1424829
1425573
1425972
1426210
1426215
1426216
1426222
1426307
1426324
1426380
1426221
1426219
1426217
1426218
1426306
1426803
1426645
1426893
1427797
1427860
1427633
1426842
1427503
1428315
1426640
1428021
1428491
1524764
1429022
1429140
1534926
1429217
1429341
1429438
1429594
1429692
1429686
1429226
1429732
1429804
1429818
1429920
1429724
1430003
1430150
1430157
1430158
1430141
1430193
1430143
1430145
1430530
1430542
1430551
1430761
1430558
1430769
1430832
1431058
1431063
1431066
1431174
1431268
1431272
1431298
1541453
1431325
1431423
1431486
1431042
1431048
1431502
1431635
1431697
1431703
1431761
1431874
1431893
1431905
1431935
1431991
1431910
1431903
1432542
1433334
1433463
1433724
1432143
1432112
1432553
1433903
1434231
1434409
1433985
1434102
1434419
1545986
1434625
1434527
1434494
1434622
1560995
1434822
1435031
1435032
1435035
1434829
1434639
1434640
1574158
1435384
1435690
1435696
1435718
1435412
1435689
1435784
1435798
1435824
1436134
1436254
1436404
1436556
1436309
1436108
1436405
1436329
1435865
1436261
1437027
1437128
1437014
1437104
1437192
1437031
1437415
1437471
1437485
1437538
1437592
1437597
1576829
1437755
1591193
1437809
1437979
1437825
1437808
1437981
1593745
1438522
1438107
1438353
1438342
1438199
1438710
1438764
1438649
1438914
1438948
1439018
1439254
1439503
1439566
1440228
1440255
1438929
1439222
1438958
1440158
1440103
1440156
1439695
1606792
1440461
1440464
1440429
1440466
1440454
1440447
1440642
1440929
1440932
1441006
1440902
1440723
1440605
1441273
1441299
1441418
1441428
1618612
1441625
1441720
1441542
1441281
1441718
1441736
1441806
1441843
1441887
1441907
1441903
1441898
1625338
1625355
1625027
1625481
1625852
1624688
1624691
1625431
1625495
1442778
1442779
1625870
1625757
1626975
1626923
1627109
1626920
1626564
1627297
1627478
1626533
1626916
1627519
1627296
1627572
1627069
1626541
1625776
1627598
1624029
1626043
1624036
1626638
1627968
1628167
1628164
1624047
1628343
1627708
1626464
1628338
1624052
1626651
1627716
1626474
1627414
1625816
1627413
1629531
1625132
1626070
1626478
1627416
1627418
1625824
1629602
1627422
1627737
1629665
1626765
1629901
1629005
1626092
1626502
1629622
1629314
1630032
1626100
1626689
1629916
1626524
1629934
1631442
1626140
1629399
1631659
1625654
1631843
1631829
1631467
1631741
1633103
1633961
1628459
1625663
1633099
1631758
1633953
1625227
1633102
1634269
1634284
1625672
1629126
1631531
1634122
1633135
1630126
1631150
1629463
1631152
1625284
1635665
1635876
1637634
1637639
1636590
1637561
1630312
1637643
1637671
1635737
1637874
1639554
1639555
1637691
1638129
1638087
1639547
1636188
1639625
1640174
1635606
1638136
1635607
1636231
1637418
1639540
1629502
1636076
1637663
1640888
1639581
1633448
1637425
1639191
1640835
1638151
1624958
1640223
1637736
1639498
1624971
1637740
1624295
1640947
1644569
1644571
1644574
1644594
1643991
1644572
1624983
1639668
1643685
1628587
1644803
1644643
1644644
1636338
1644701
1637950
1644979
1645100
1645101
1645395
1643413
1645467
1645476
1645011
1628606
1645483
1644356
1645557
1645559
1637967
1636356
1645579
1644564
1644367
1628619
1645851
1645873
1640331
1645812
1644786
1645730
1644787
1640336
1640337
1626343
1646161
1639968
1646169
1644430
1626390
1639769
1633320
1640488
1640489
1643629
1421269
1646353
1440047
1510123
1633354
1632797
1636842
1630554
1646620
1644275
1644276
1644277
1644279
1644281
1644286
1640677
1636930
1644325
1636934
923210
987730
1000926
1022945
1031469
1052387
1069717
1085737
1102275
1118436
1123384
1128126
1145062
1159369
1161047
1172887
1182430
1190507
1194459
1213125
1630681
1238944
1279367
1630683
1630686
1327813
1357645
1379159
1396490
1636996
1454694
1515805
1536692
1548353
1554848
1577367
1600612
1635891
1645869
1649369
1649371
1649377
1649387
1649271
1649385
1650420
1649310
1649380
1649317
1649299
1649404
1650651
1650482
1650527
1650678
1650823
1650846
1650855
1649557
1649335
1650854
1649224
1648912
1641631
1650874
1651243
1651245
1641633
1648918
1651749
1651076
1651069
1651393
1633018
1651122
1651131
1652269
1652686
1652690
1647535
1649621
1652542
1652490
1652536
1649504
1651776
1650349
1652278
1653210
1652281
1648270
1637079
1649532
1656616
1649657
1656615
1656760
1652986
1656629
1655064
1633064
1656776
1656852
1656882
1648305
1656849
1656768
1656780
1656875
1656935
1657021
1646806
1657523
1653767
1657272
1652660
1653769
1657273
1657674
1657679
1650164
1657266
1654727
1657595
1654729
1657446
1654740
1657338
1657339
1649738
1649021
1401645
1417465
1649749
1653810
1657473
1548389
1654766
1657658
1648791
1638749
1648794
1655207
1648797
1650232
1648804
1652241
1646954
1647713
1655712
1655233
1656271
1649086
1656276
1648162
1656280
1649096
1638787
1648448
1647777
1648457
1649836
1656022
1654844
1655284
1656331
1648511
1637275
1637668
1641975
1649954
1571966
1647927
1653987
1648572
1577434
1648584
1587360
1654988
1654991
1642030
1601607
1650027
1654058
1655473
1647350
1658452
1654104
1639034
1639054
1658853
1654334
1642368
1642370
1642373
1654404
1654409
1654462
1642510
1642590
1642819
1642998
1643119
1643311
1643339
1643353
1643360
