T	T1	R
393862624179
393867494918
393864516148
393875362995
393886634990
393871827465
393865490688
393880000704
393882109876
393889377744
393879231083
393866551326
393882667758
393855492874
393864739887
393862615163
393868029161
393869937528
393890394372
393881719112
393874584587
393881910783
393880089797
393861958580
393868026460
393867305203
393861178570
393891045030
393875476939
393867497777
393868025166
393878401296
393874672288
393864748300
393867498188
393880829451
393851913275
393865171386
393879419066
393865996061
393866547047
393889186467
393858226557
393881109229
393888381534
393874266101
393875916320
393886046303
393889598781
393867863118
393875229158
393851712593
393872721092
393881905902
393864458807
393887249359
393889342290
393861073965
393889595072
393851697762
393876301614
393880918641
393883315141
393875360282
393876023231
393888265741
393873819070
393861568694
393886177062
393877027759
393881482274
393875107573
393851412161
393866396175
393866978231
393874812760
393878906660
393860582864
393866543659
393856105049
393882148005
393874511114
393872832758
393854820413
393864158831
393874659832
393877243599
393874513985
393868022796
393869624872
393884588962
393874676489
393859800398
393861121526
393858812903
393851391571
393881637792
393864753582
393874605074
393873793455
393859734280
393859054960
393879234531
393866964912
393868295087
393869307562
393890394935
393879388453
393874608176
393875910994
393871392639
393874349259
393874724440
393883141680
393871831755
393868068700
393874575284
393887878650
393874609779
393875695274
393879276939
393865757139
393864758231
393874409545
393882038424
393851360469
393879994238
393876295784
393874390040
393858769303
393859134412
393880066384
393866180229
393869598264
393883169396
393876299735
393879232068
393865176068
393868035134
393884797653
393867866850
393865599747
393881669217
393885429886
393868048855
393862602542
